23884764.571546	0.074214
23884764.637399	0.070305
23884764.670416	0.071265
23884764.703449	0.072267
23884764.736446	0.082556
23884764.769410	0.073335
23884764.802372	0.086754
23884764.835528	0.071366
23884764.868395	0.072452
23884764.901459	0.075519
23884764.934433	0.082517
23884764.967460	0.074554
23884765.000411	0.073506
23884765.033422	0.080679
23884765.066472	0.077325
23884765.099452	0.078445
23884765.132507	0.076494
23884765.165444	0.074566
23884765.198467	0.076302
23884765.231482	0.076474
23884765.264453	0.081714
23884765.297457	0.083425
23884765.330409	0.078666
23884765.363455	0.079091
23884765.396446	0.077130
23884765.429425	0.075758
23884765.462449	0.074680
23884765.495512	0.074637
23884765.528488	0.073246
23884765.561449	0.073215
23884765.594469	0.073327
23884765.627428	0.072299
23884765.660423	0.075379
23884765.693412	0.073248
23884765.726475	0.073376
23884765.759450	0.074166
23884765.792437	0.079660
23884765.825449	0.074385
23884765.858449	0.074316
23884765.891504	0.073266
23884765.924439	0.075422
23884765.957453	0.076335
23884765.990463	0.079518
23884766.023464	0.073368
23884766.056406	0.075587
23884766.089454	0.075131
23884766.122538	0.075206
23884766.155450	0.075273
23884766.188476	0.076256
23884766.221443	0.075257
23884766.254504	0.075642
23884766.287498	0.074495
23884766.320430	0.073204
23884766.353450	0.081621
23884766.386453	0.079955
23884766.419421	0.080697
23884766.452415	0.082806
23884766.485427	0.080673
23884766.518407	0.073635
23884766.551412	0.081767
23884766.584389	0.080907
23884766.617397	0.074621
23884766.650369	0.079906
23884766.683386	0.074402
23884766.716382	0.090778
23884766.749427	0.080795
23884766.782404	0.076661
23884766.815405	0.073532
23884766.848416	0.080872
23884766.881381	0.074823
23884766.914391	0.073802
23884766.947446	0.080760
23884766.980446	0.085664
23884767.013521	0.074663
23884767.046442	0.083802
23884767.079451	0.082599
23884767.112438	0.076727
23884767.145477	0.073382
23884767.178474	0.089400
23884767.211465	0.081440
23884767.244458	0.083331
23884767.277452	0.089630
23884767.310425	0.073525
23884767.343409	0.074436
23884767.376430	0.075800
23884767.409441	0.073268
23884767.442470	0.080659
23884767.475439	0.074573
23884767.508571	0.080510
23884767.541445	0.075769
23884767.574432	0.075509
23884767.607457	0.074539
23884767.640459	0.074408
23884767.673434	0.073687
23884767.706435	0.073595
23884767.739441	0.083453
23884767.772494	0.075515
23884767.805468	0.073581
23884767.838527	0.081418
23884767.871460	0.079153
23884767.904423	0.081886
23884767.937414	0.074782
23884767.970418	0.073391
23884768.003448	0.074805
23884768.036457	0.074562
23884768.069449	0.080817
23884768.102443	0.074812
23884768.135494	0.073703
23884768.168463	0.081076
23884768.201477	0.080703
23884768.234468	0.080873
23884768.267446	0.073745
23884768.300408	0.084919
23884768.333388	0.074522
23884768.366413	0.079712
23884768.399427	0.074393
23884768.432420	0.075538
23884768.465547	0.073412
23884768.498464	0.084589
23884768.531409	0.085396
23884768.564449	0.080561
23884768.597548	0.074454
23884768.630537	0.079603
23884768.663528	0.072746
23884768.696440	0.073633
23884768.729408	0.080599
23884768.762546	0.073609
23884768.795430	0.079842
23884768.828449	0.072552
23884768.861452	0.082824
23884768.894453	0.074654
23884768.927429	0.073622
23884768.960439	0.073601
23884768.993433	0.072902
23884769.026521	0.073626
23884769.059408	0.074530
23884769.092405	0.072840
23884769.125456	0.073629
23884769.158456	0.081651
23884769.191441	0.093567
23884769.224445	0.073640
23884769.257460	0.072679
23884769.290428	0.072712
23884769.323424	0.073646
23884769.356554	0.082547
23884769.389599	0.080312
23884769.422451	0.080971
23884769.455535	0.072498
23884769.488462	0.074660
23884769.521452	0.079923
23884769.554429	0.072741
23884769.587403	0.080784
23884769.620380	0.072778
23884769.653377	0.089855
23884769.686406	0.073804
23884769.719392	0.081490
23884769.752420	0.080498
23884769.785419	0.079641
23884769.818415	0.081570
23884769.851394	0.089867
23884769.884399	0.074872
23884769.917407	0.081716
23884769.950427	0.090981
23884769.983404	0.098756
23884770.016425	0.074499
23884770.049438	0.072755
23884770.082412	0.072723
23884770.115396	0.081712
23884770.148421	0.087877
23884770.181485	0.080691
23884770.214392	0.072770
23884770.247377	0.073771
23884770.280372	0.073096
23884770.313378	0.087884
23884770.346401	0.081566
23884770.379434	0.078696
23884770.412449	0.073030
23884770.445444	0.080855
23884770.478454	0.080681
23884770.511410	0.084621
23884770.544435	0.081880
23884770.577467	0.079613
23884770.610429	0.124018
23884770.643426	0.091142
23884770.676437	0.073153
23884770.709438	0.080508
23884770.808473	0.073615
23884770.841487	0.074480
23884770.874446	0.073725
23884770.907464	0.074596
23884770.940430	0.075746
23884770.973442	0.073867
23884771.006462	0.076853
23884771.039452	0.080787
23884771.072465	0.073611
23884771.105455	0.076637
23884771.138449	0.073967
23884771.171428	0.076787
23884771.204615	0.074385
23884771.237444	0.075530
23884771.270428	0.079611
23884771.303431	0.075846
23884771.336417	0.082655
23884771.369415	0.101804
23884771.402446	0.074511
23884771.435415	0.081702
23884771.468453	0.086824
23884771.501438	0.081628
23884771.534419	0.074757
23884771.567442	0.080989
23884771.600406	0.081518
23884771.633423	0.080709
23884771.666547	0.081645
23884771.699436	0.073524
23884771.732453	0.073476
23884771.765436	0.094756
23884771.798453	0.081528
23884771.831396	0.073843
23884771.864401	0.080733
23884771.897403	0.074646
23884771.930372	0.082756
23884771.963394	0.080632
23884771.996403	0.073832
23884772.029411	0.089982
23884772.062407	0.076691
23884772.095440	0.073646
23884772.128416	0.080878
23884772.161398	0.073824
23884772.194392	0.081641
23884772.227409	0.075777
23884772.260370	0.080753
23884772.293375	0.084685
23884772.326382	0.089729
23884772.359390	0.073608
23884772.392401	0.081622
23884772.425384	0.078774
23884772.458412	0.080996
23884772.491379	0.088008
23884772.524438	0.074901
23884772.557420	0.079978
23884772.590383	0.080846
23884772.623450	0.088143
23884772.656454	0.080679
23884772.689439	0.087996
23884772.722430	0.072894
23884772.755472	0.072841
23884772.788499	0.080726
23884772.821465	0.174767
23884772.854454	0.141891
23884772.887428	0.111861
23884772.920469	0.082717
23884772.953464	0.072773
23884772.986434	0.082785
23884773.019420	0.094683
23884773.052505	0.081649
23884773.085423	0.074702
23884773.118464	0.087662
23884773.151416	0.079845
23884773.184446	0.083758
23884773.217533	0.073790
23884773.250459	0.128004
23884773.283441	0.095120
23884773.316439	0.075849
23884773.349457	0.073583
23884773.448481	0.074622
23884773.481433	0.073793
23884773.514437	0.082919
23884773.547462	0.080922
23884773.580444	0.074938
23884773.613453	0.082058
23884773.646415	0.082053
23884773.679446	0.083121
23884773.712454	0.073921
23884773.745459	0.089968
23884773.778504	0.075075
23884773.811416	0.073961
23884773.844505	0.126168
23884773.877442	0.093333
23884773.910445	0.075976
23884774.042444	0.073004
23884774.075435	0.076263
23884774.108449	0.080158
23884774.141432	0.076822
23884774.174440	0.075765
23884774.207439	0.080235
23884774.240404	0.083914
23884774.273428	0.080859
23884774.306439	0.074062
23884774.339441	0.074129
23884774.372379	0.082096
23884774.405402	0.080217
23884774.438413	0.074814
23884774.471392	0.073101
23884774.504379	0.074119
23884774.537425	0.074319
23884774.570373	0.076148
23884774.603396	0.074116
23884774.636398	0.073886
23884774.669412	0.081903
23884774.702417	0.073866
23884774.735393	0.080017
23884774.768435	0.074039
23884774.801410	0.073804
23884774.834463	0.081946
23884774.867402	0.081064
23884774.900395	0.074716
23884774.933400	0.075430
23884774.966437	0.080456
23884774.999408	0.074774
23884775.032479	0.073885
23884775.065468	0.083279
23884775.098498	0.081047
23884775.131469	0.073762
23884775.164497	0.073723
23884775.197478	0.082954
23884775.230478	0.075118
23884775.263450	0.075106
23884775.296442	0.081286
23884775.329445	0.075998
23884775.362561	0.081649
23884775.395519	0.078960
23884775.428617	0.075056
23884775.461441	0.086271
23884775.494498	0.080358
23884775.527436	0.091020
23884775.560427	0.081173
23884775.593436	0.074112
23884775.626459	0.084054
23884775.659409	0.084081
23884775.692442	0.075080
23884775.725471	0.083114
23884775.758445	0.081878
23884775.791434	0.080223
23884775.824442	0.082990
23884775.857437	0.078896
23884775.890448	0.078994
23884775.923463	0.077828
23884775.956488	0.075794
23884775.989415	0.080870
23884776.022461	0.077917
23884776.055466	0.080877
23884776.088517	0.080820
23884776.121440	0.080054
23884776.154466	0.117254
23884776.187478	0.084344
23884776.220476	0.076753
23884776.253436	0.088086
23884776.319434	0.081841
23884776.352456	0.072779
23884776.385436	0.085221
23884776.418640	0.073795
23884776.451539	0.080854
23884776.484422	0.073819
23884776.517428	0.082966
23884776.550505	0.076746
23884776.583409	0.072924
23884776.616422	0.125139
23884776.649420	0.092248
23884776.682450	0.073604
23884776.715440	0.076904
23884776.814444	0.074165
23884776.847458	0.074014
23884776.880406	0.084290
23884776.913438	0.077190
23884776.946472	0.075065
23884776.979435	0.081276
23884777.012449	0.085181
23884777.045424	0.075353
23884777.078504	0.102798
23884777.111394	0.071887
23884777.144420	0.071854
23884777.177415	0.073020
23884777.210424	0.079987
23884777.243375	0.072946
23884777.276388	0.081253
23884777.309371	0.080343
23884777.342404	0.081915
23884777.375399	0.080966
23884777.408429	0.073037
23884777.441400	0.073153
23884777.474393	0.073029
23884777.507462	0.073254
23884777.540471	0.080810
23884777.573411	0.073149
23884777.606419	0.080124
23884777.639417	0.073189
23884777.672410	0.073090
23884777.705474	0.072937
23884777.738455	0.072956
23884777.771435	0.073036
23884777.804430	0.072181
23884777.837466	0.072435
23884777.870503	0.073735
23884777.903453	0.072119
23884777.936487	0.079972
23884777.969451	0.072217
23884778.002468	0.072816
23884778.035472	0.072971
23884778.068478	0.080878
23884778.101470	0.073269
23884778.134422	0.072142
23884778.167429	0.084007
23884778.200412	0.080185
23884778.233401	0.074209
23884778.266442	0.075049
23884778.299431	0.073097
23884778.332426	0.079992
23884778.365444	0.080041
23884778.398456	0.072157
23884778.431471	0.075200
23884778.464437	0.087963
23884778.497456	0.080106
23884778.530434	0.072991
23884778.563461	0.072903
23884778.596425	0.072945
23884778.629434	0.081041
23884778.662413	0.071939
23884778.695451	0.074929
23884778.728478	0.072882
23884778.761453	0.079136
23884778.794455	0.090015
23884778.827406	0.081172
23884778.860416	0.083104
23884778.893515	0.080176
23884778.926430	0.074980
23884778.959420	0.082054
23884778.992435	0.073256
23884779.025454	0.088088
23884779.058434	0.081293
23884779.091421	0.074004
23884779.124429	0.073281
23884779.157401	0.080285
23884779.190458	0.072954
23884779.223428	0.080083
23884779.256503	0.080059
23884779.289417	0.081030
23884779.322422	0.072002
23884779.355459	0.081041
23884779.388433	0.073034
23884779.421410	0.080323
23884779.454529	0.073274
23884779.487449	0.073314
23884779.520412	0.080306
23884779.553426	0.073255
23884779.586449	0.085263
23884779.619414	0.081417
23884779.652442	0.073326
23884779.685459	0.083285
23884779.718466	0.073319
23884779.751439	0.080271
23884779.784425	0.081678
23884779.817429	0.073464
23884779.850535	0.073392
23884779.883424	0.089501
23884779.916499	0.089540
23884779.949440	0.073309
23884779.982522	0.073318
23884780.015475	0.073258
23884780.048532	0.073157
23884780.081460	0.074061
23884780.114475	0.073395
23884780.147455	0.073337
23884780.180469	0.080377
23884780.213412	0.073400
23884780.246426	0.073430
23884780.279439	0.081098
23884780.312428	0.074427
23884780.345489	0.075127
23884780.378463	0.077335
23884780.411434	0.082586
23884780.444434	0.081328
23884780.477472	0.119593
23884780.510437	0.086711
23884780.543433	0.083357
23884780.576441	0.073540
23884780.642462	0.078490
23884780.675482	0.088089
23884780.708445	0.080058
23884780.741441	0.073443
23884780.774424	0.075184
23884780.807436	0.074077
23884780.840404	0.083161
23884780.873371	0.083210
23884780.906397	0.074341
23884780.939406	0.080159
23884780.972408	0.076027
23884781.005425	0.082105
23884781.038421	0.074169
23884781.071434	0.074198
23884781.104416	0.076248
23884781.137413	0.082176
23884781.170439	0.082147
23884781.203397	0.073205
23884781.236400	0.073613
23884781.269371	0.072225
23884781.302400	0.120629
23884781.335407	0.087679
23884781.368450	0.073045
23884781.467384	0.072309
23884781.500401	0.075232
23884781.533424	0.073604
23884781.566394	0.080070
23884781.599461	0.073493
23884781.632472	0.073314
23884781.665476	0.074467
23884781.698508	0.073305
23884781.731474	0.073484
23884781.764455	0.072420
23884781.797502	0.098070
23884781.830476	0.080539
23884781.863516	0.072728
23884781.896411	0.073565
23884781.929464	0.072513
23884781.962426	0.072425
23884781.995452	0.073078
23884782.028454	0.080649
23884782.061546	0.074496
23884782.094429	0.081760
23884782.127449	0.072364
23884782.160432	0.073698
23884782.193449	0.074084
23884782.226426	0.073571
23884782.259464	0.072556
23884782.292458	0.072158
23884782.325533	0.072352
23884782.358530	0.073052
23884782.391444	0.074221
23884782.424440	0.073487
23884782.457440	0.073419
23884782.490468	0.080807
23884782.523533	0.072478
23884782.556458	0.072653
23884782.589468	0.074402
23884782.622438	0.073665
23884782.655568	0.072439
23884782.688456	0.073701
23884782.721436	0.073285
23884782.754454	0.079328
23884782.787449	0.075643
23884782.820451	0.073493
23884782.853416	0.199370
23884782.886377	0.167209
23884782.919432	0.135197
23884782.952409	0.105355
23884783.018393	0.075114
23884783.051431	0.075244
23884783.117446	0.078502
23884783.150470	0.079030
23884783.183452	0.081139
23884783.216523	0.074440
23884783.249478	0.082177
23884783.282451	0.083220
23884783.315421	0.074443
23884783.348460	0.083210
23884783.381427	0.081424
23884783.414450	0.078280
23884783.447431	0.074325
23884783.480439	0.088652
23884783.513461	0.074444
23884783.546458	0.074425
23884783.579419	0.090409
23884783.612429	0.076415
23884783.645455	0.074394
23884783.678560	0.082125
23884783.711467	0.082457
23884783.744446	0.074279
23884783.777448	0.082521
23884783.810433	0.126869
23884783.843414	0.093987
23884783.876440	0.083800
23884783.909432	0.077164
23884784.008493	0.081433
23884784.041469	0.075363
23884784.074447	0.075314
23884784.107457	0.082412
23884784.140469	0.089450
23884784.173448	0.081733
23884784.206448	0.082842
23884784.239410	0.085688
23884784.272431	0.075359
23884784.305469	0.075673
23884784.338466	0.079348
23884784.371438	0.074838
23884784.404432	0.086975
23884784.437477	0.130847
23884784.470444	0.097974
23884784.503410	0.075624
23884784.536442	0.075665
23884784.635488	0.081536
23884784.668480	0.083432
23884784.701469	0.086352
23884784.734433	0.075418
23884784.767431	0.083883
23884784.800438	0.075535
23884784.833461	0.081264
23884784.866440	0.081402
23884784.899488	0.081427
23884784.932417	0.082364
23884784.965447	0.075246
23884784.998493	0.084341
23884785.031456	0.081506
23884785.064430	0.097438
23884785.097461	0.082203
23884785.130432	0.074367
23884785.163453	0.073492
23884785.196420	0.123752
23884785.229437	0.090882
23884785.262422	0.087737
23884785.295438	0.073431
23884785.394415	0.081454
23884785.427438	0.081440
23884785.460410	0.075271
23884785.493410	0.083513
23884785.526414	0.074490
23884785.559450	0.080367
23884785.592453	0.074136
23884785.625456	0.088660
23884785.658508	0.074225
23884785.691436	0.074426
23884785.724443	0.084412
23884785.757426	0.081402
23884785.790417	0.074498
23884785.823439	0.083556
23884785.856458	0.074604
23884785.889496	0.073269
23884785.922420	0.076291
23884785.955422	0.074292
23884785.988487	0.084640
23884786.021456	0.073332
23884786.054460	0.076278
23884786.087426	0.081440
23884786.120437	0.082295
23884786.153438	0.082424
23884786.186442	0.082371
23884786.219429	0.082288
23884786.252435	0.074322
23884786.285423	0.074444
23884786.318494	0.082298
23884786.351426	0.080354
23884786.384440	0.075316
23884786.417458	0.082435
23884786.450427	0.080370
23884786.483448	0.084417
23884786.516450	0.082286
23884786.549418	0.081446
23884786.582438	0.082457
23884786.615455	0.124775
23884786.648494	0.091845
23884786.681457	0.073302
23884786.780430	0.081827
23884786.813444	0.091402
23884786.846440	0.074753
23884786.879425	0.082387
23884786.912442	0.081691
23884786.945487	0.084538
23884786.978476	0.083295
23884787.011434	0.083270
23884787.044454	0.076356
23884787.077419	0.080533
23884787.110433	0.084451
23884787.143418	0.081336
23884787.176442	0.080907
23884787.209433	0.082549
23884787.242411	0.081700
23884787.275462	0.084639
23884787.308458	0.082320
23884787.341429	0.074629
23884787.374441	0.073891
23884787.407439	0.081384
23884787.440412	0.081692
23884787.473417	0.073715
23884787.506463	0.082372
23884787.539450	0.073769
23884787.572403	0.085492
23884787.605435	0.075514
23884787.638492	0.074448
23884787.671433	0.076348
23884787.704450	0.088695
23884787.737395	0.083777
23884787.770372	0.081430
23884787.803372	0.080513
23884787.836408	0.074382
23884787.869393	0.081424
23884787.902403	0.076420
23884787.935385	0.073578
23884787.968432	0.081634
23884788.001403	0.081537
23884788.034378	0.081718
23884788.067411	0.073788
23884788.100383	0.081681
23884788.133429	0.073636
23884788.166454	0.077682
23884788.199418	0.082376
23884788.232409	0.074439
23884788.265417	0.096743
23884788.298457	0.082673
23884788.331377	0.074434
23884788.364408	0.082771
23884788.397412	0.074486
23884788.430372	0.075536
23884788.463403	0.075373
23884788.496379	0.080708
23884788.529401	0.074729
23884788.562401	0.081710
23884788.595454	0.075372
23884788.628477	0.075758
23884788.661381	0.077635
23884788.694378	0.076633
23884788.727403	0.081638
23884788.760385	0.078471
23884788.793392	0.090663
23884788.826517	0.078595
23884788.859453	0.081521
23884788.892440	0.074393
23884788.925449	0.074480
23884788.958495	0.074403
23884788.991421	0.074509
23884789.024406	0.083624
23884789.057457	0.081583
23884789.090442	0.075698
23884789.123450	0.074436
23884789.156431	0.075509
23884789.189455	0.074518
23884789.222467	0.074663
23884789.255464	0.073604
23884789.288487	0.074425
23884789.321453	0.073415
23884789.354421	0.080657
23884789.387454	0.081577
23884789.420439	0.082508
23884789.453452	0.081705
23884789.486447	0.074517
23884789.519424	0.082612
23884789.552425	0.083733
23884789.585435	0.081653
23884789.618442	0.082023
23884789.651471	0.074502
23884789.684449	0.082565
23884789.717444	0.083576
23884789.750432	0.081811
23884789.783427	0.074535
23884789.816419	0.074752
23884789.849420	0.081547
23884789.882439	0.083853
23884789.915437	0.074544
23884789.948466	0.075759
23884789.981411	0.084733
23884790.014443	0.075844
23884790.047518	0.081909
23884790.080419	0.081750
23884790.113467	0.074777
23884790.146439	0.082563
23884790.179461	0.082864
23884790.212443	0.082536
23884790.245491	0.075504
23884790.278491	0.075564
23884790.311454	0.075713
23884790.344471	0.083560
23884790.377444	0.074569
23884790.410445	0.074769
23884790.443442	0.082742
23884790.476672	0.099537
23884790.509418	0.076524
23884790.542439	0.079907
23884790.575456	0.074881
23884790.608488	0.074632
23884790.641461	0.074592
23884790.674414	0.082738
23884790.707458	0.081820
23884790.740423	0.083630
23884790.773464	0.122058
23884790.806562	0.089068
23884790.839444	0.082603
23884790.872425	0.073758
23884790.971405	0.080929
23884791.004429	0.076076
23884791.037475	0.083712
23884791.070429	0.088013
23884791.103433	0.108769
23884791.136587	0.075741
23884791.169428	0.080728
23884791.202506	0.081763
23884791.268502	0.082417
23884791.301413	0.082674
23884791.334425	0.073623
23884791.367449	0.080866
23884791.400417	0.082719
23884791.433462	0.081585
23884791.466447	0.080759
23884791.499440	0.080590
23884791.532546	0.077457
23884791.565432	0.073642
23884791.598524	0.081575
23884791.631435	0.073539
23884791.664370	0.080840
23884791.697429	0.080967
23884791.730406	0.073542
23884791.763396	0.073606
23884791.796421	0.073707
23884791.829379	0.073685
23884791.862401	0.074689
23884791.895423	0.072563
23884791.928462	0.083688
23884791.961427	0.073866
23884791.994407	0.081913
23884792.027411	0.075695
23884792.060402	0.089948
23884792.093392	0.082623
23884792.126394	0.081747
23884792.159395	0.080715
23884792.192409	0.073891
23884792.225410	0.081843
23884792.258437	0.073777
23884792.291407	0.074135
23884792.324373	0.124238
23884792.357401	0.091328
23884792.390389	0.081048
23884792.423402	0.081785
23884792.522410	0.076876
23884792.555372	0.077129
23884792.588411	0.076629
23884792.621450	0.082102
23884792.654451	0.075035
23884792.687439	0.078932
23884792.720403	0.077939
23884792.753407	0.085691
23884792.786440	0.081657
23884792.819435	0.081814
23884792.852427	0.073924
23884792.885420	0.083851
23884792.918475	0.073782
23884792.951429	0.073711
23884792.984413	0.080849
23884793.017479	0.073624
23884793.050439	0.081911
23884793.083439	0.073997
23884793.116435	0.081121
23884793.149440	0.091009
23884793.182535	0.087568
23884793.215553	0.073855
23884793.248587	0.074613
23884793.281445	0.084821
23884793.314419	0.080799
23884793.347472	0.083804
23884793.380431	0.074040
23884793.446588	0.074664
23884793.479435	0.073733
23884793.512459	0.073988
23884793.545458	0.074773
23884793.578460	0.077952
23884793.611446	0.076006
23884793.644443	0.091907
23884793.677447	0.074215
23884793.710423	0.090925
23884793.743460	0.079234
23884793.776444	0.075180
23884793.809434	0.074140
23884793.842475	0.075108
23884793.875458	0.084881
23884793.908522	0.087044
23884793.941407	0.077760
23884793.974413	0.076115
23884794.007471	0.080893
23884794.040466	0.080876
23884794.073447	0.074330
23884794.106423	0.089104
23884794.139431	0.083237
23884794.172409	0.080220
23884794.205456	0.083924
23884794.238445	0.077791
23884794.271417	0.080191
23884794.304502	0.078040
23884794.337521	0.075733
23884794.370425	0.126166
23884794.403447	0.093257
23884794.436445	0.076193
23884794.469433	0.073789
23884794.568467	0.076965
23884794.601472	0.080079
23884794.634414	0.077020
23884794.667478	0.080424
23884794.700407	0.079710
23884794.733431	0.089033
23884794.766434	0.082118
23884794.799444	0.076699
23884794.832451	0.074941
23884794.865436	0.074951
23884794.898463	0.074181
23884794.931433	0.076872
23884794.964441	0.074177
23884794.997476	0.074169
23884795.030448	0.087454
23884795.063464	0.075298
23884795.096432	0.074513
23884795.129443	0.082875
23884795.162434	0.080597
23884795.195446	0.082525
23884795.228571	0.074933
23884795.261438	0.084089
23884795.294418	0.081486
23884795.327438	0.074060
23884795.360431	0.087488
23884795.393453	0.074463
23884795.426416	0.074913
23884795.459411	0.073917
23884795.492446	0.096304
23884795.525455	0.074501
23884795.558506	0.096116
23884795.591468	0.074122
23884795.624432	0.081233
23884795.657391	0.081313
23884795.690391	0.081430
23884795.723399	0.106547
23884795.756399	0.075339
23884795.789401	0.085141
23884795.822388	0.074197
23884795.888468	0.077004
23884795.921461	0.076318
23884795.954411	0.081177
23884795.987416	0.076921
23884796.020440	0.075137
23884796.053444	0.074236
23884796.086419	0.075415
23884796.119472	0.074166
23884796.152489	0.084327
23884796.185487	0.082328
23884796.218538	0.073746
23884796.251470	0.081667
23884796.284480	0.082082
23884796.317470	0.074245
23884796.350404	0.074247
23884796.383438	0.075211
23884796.416443	0.073881
23884796.449445	0.074104
23884796.482463	0.075371
23884796.515468	0.089321
23884796.548467	0.086145
23884796.647459	0.077055
23884796.680477	0.083096
23884796.713501	0.077740
23884796.746483	0.074802
23884796.779468	0.074171
23884796.812456	0.075740
23884796.845460	0.074837
23884796.878479	0.073781
23884796.911466	0.073777
23884796.944465	0.083039
23884796.977453	0.074272
23884797.010451	0.073878
23884797.043491	0.075742
23884797.076423	0.077139
23884797.109409	0.074000
23884797.142438	0.081206
23884797.175467	0.074913
23884797.208444	0.080954
23884797.241490	0.073816
23884797.274440	0.075267
23884797.307430	0.074259
23884797.340454	0.084938
23884797.373447	0.073969
23884797.406410	0.083956
23884797.439416	0.075030
23884797.472449	0.073863
23884797.505432	0.082026
23884797.538494	0.074779
23884797.571443	0.075184
23884797.604441	0.083891
23884797.637415	0.073883
23884797.670422	0.074009
23884797.703458	0.076941
23884797.736434	0.074148
23884797.769415	0.072910
23884797.802461	0.084017
23884797.835443	0.087009
23884797.868492	0.084872
23884797.901438	0.078130
23884797.934419	0.073891
23884797.967411	0.082150
23884798.000403	0.075014
23884798.033442	0.074906
23884798.066455	0.081038
23884798.099447	0.075851
23884798.132438	0.085096
23884798.165429	0.075007
23884798.198486	0.073882
23884798.231420	0.080979
23884798.264406	0.074964
23884798.297438	0.075110
23884798.330437	0.073974
23884798.363504	0.073949
23884798.396433	0.083007
23884798.429412	0.074136
23884798.462430	0.076959
23884798.495443	0.081054
23884798.528484	0.073991
23884798.561422	0.083902
23884798.594438	0.082980
23884798.627418	0.073966
23884798.660437	0.075915
23884798.693441	0.084235
23884798.726423	0.081961
23884798.759405	0.078825
23884798.792417	0.084989
23884798.825434	0.082296
23884798.858468	0.081002
23884798.891446	0.081149
23884798.924434	0.084040
23884798.957421	0.078277
23884798.990410	0.073913
23884799.023441	0.074901
23884799.056460	0.074048
23884799.089414	0.082111
23884799.122442	0.074005
23884799.155458	0.115166
23884799.188447	0.082274
23884799.221443	0.073937
23884799.320432	0.074114
23884799.353438	0.117046
23884799.386423	0.088058
23884799.419422	0.083039
23884799.452430	0.076104
23884799.551440	0.081232
23884799.584433	0.090199
23884799.617437	0.074154
23884799.650424	0.076958
23884799.683439	0.073941
23884799.716460	0.082545
23884799.749423	0.082270
23884799.782442	0.073984
23884799.815444	0.081065
23884799.848464	0.081969
23884799.881447	0.073980
23884799.914402	0.082139
23884799.947381	0.074336
23884799.980397	0.075954
23884800.013457	0.083079
23884800.050369	0.075081
23884800.079440	0.081059
23884800.112481	0.082133
23884800.145467	0.084281
23884800.178486	0.086991
23884800.211456	0.075943
23884800.244466	0.076956
23884800.277461	0.081046
23884800.310465	0.079276
23884800.343459	0.075045
23884800.376440	0.082085
23884800.409446	0.082073
23884800.442439	0.075971
23884800.475434	0.075090
23884800.508481	0.073927
23884800.541444	0.084131
23884800.574445	0.083129
23884800.607445	0.085343
23884800.640413	0.089320
23884800.673439	0.083119
23884800.706505	0.082000
23884800.739453	0.083046
23884800.772434	0.083391
23884800.805423	0.081438
23884800.838443	0.074028
23884800.871423	0.083026
23884800.904429	0.083099
23884800.937414	0.088211
23884800.970406	0.086031
23884801.003425	0.074240
23884801.036409	0.074254
23884801.069421	0.081270
23884801.102464	0.082256
23884801.135446	0.081146
23884801.168495	0.082057
23884801.201452	0.085163
23884801.234457	0.074149
23884801.267533	0.078896
23884801.300428	0.081416
23884801.333471	0.074029
23884801.366438	0.082077
23884801.399443	0.083118
23884801.432449	0.077090
23884801.465470	0.075277
23884801.498450	0.074990
23884801.531445	0.074375
23884801.564435	0.074634
23884801.597443	0.075164
23884801.630432	0.082270
23884801.663466	0.093246
23884801.696415	0.082405
23884801.729404	0.074133
23884801.762394	0.081434
23884801.795419	0.074249
23884801.828414	0.077111
23884801.861404	0.082267
23884801.894390	0.075147
23884801.927379	0.074389
23884801.960380	0.082279
23884801.993393	0.075176
23884802.026445	0.075449
23884802.059435	0.086156
23884802.092422	0.074420
23884802.125456	0.075139
23884802.158486	0.074043
23884802.191545	0.074017
23884802.224469	0.082455
23884802.257484	0.074327
23884802.290475	0.082319
23884802.323485	0.075214
23884802.356461	0.074121
23884802.389448	0.107657
23884802.422481	0.074802
23884802.455452	0.073474
23884802.488470	0.074197
23884802.521469	0.074163
23884802.554438	0.075668
23884802.587443	0.074649
23884802.620430	0.078502
23884802.653447	0.074504
23884802.686436	0.074605
23884802.719429	0.075413
23884802.752422	0.074703
23884802.785479	0.078261
23884802.818467	0.075505
23884802.851436	0.081630
23884802.884424	0.083592
23884802.917451	0.074664
23884802.950439	0.075772
23884802.983435	0.075680
23884803.016496	0.078321
23884803.049429	0.078484
23884803.082453	0.075526
23884803.115444	0.077601
23884803.148472	0.083444
23884803.181452	0.076160
23884803.214436	0.075575
23884803.247382	0.075888
23884803.280383	0.075565
23884803.313413	0.075532
23884803.346383	0.075934
23884803.379372	0.077888
23884803.412403	0.076557
23884803.445412	0.082974
23884803.478404	0.076588
23884803.511381	0.075697
23884803.544423	0.079621
23884803.577443	0.077316
23884803.610421	0.084537
23884803.643429	0.088711
23884803.676427	0.097251
23884803.709414	0.080485
23884803.742420	0.104422
23884803.775451	0.076154
23884803.808511	0.083370
23884803.841450	0.075553
23884803.874456	0.079738
23884803.907462	0.075845
23884803.940460	0.075486
23884803.973464	0.084306
23884804.006470	0.076337
23884804.039417	0.078332
23884804.072453	0.075392
23884804.105513	0.080374
23884804.138513	0.083250
23884804.171460	0.075240
23884804.204419	0.075693
23884804.237455	0.080448
23884804.270423	0.077730
23884804.303465	0.085615
23884804.336460	0.084522
23884804.369419	0.078489
23884804.402441	0.076323
23884804.435440	0.074653
23884804.468462	0.076280
23884804.501437	0.083234
23884804.534483	0.093311
23884804.567429	0.074632
23884804.600452	0.085546
23884804.633445	0.074712
23884804.666464	0.083748
23884804.699467	0.086872
23884804.732444	0.082621
23884804.765454	0.103730
23884804.798435	0.083818
23884804.831461	0.103231
23884804.864478	0.083758
23884804.930409	0.086864
23884804.963470	0.089600
23884804.996449	0.079547
23884805.029452	0.084251
23884805.062454	0.085492
23884805.095456	0.075312
23884805.128436	0.081460
23884805.161444	0.074326
23884805.194456	0.085669
23884805.227468	0.083408
23884805.260431	0.084444
23884805.293473	0.075567
23884805.326436	0.091472
23884805.359452	0.112924
23884805.392437	0.086775
23884805.425419	0.075350
23884805.458483	0.075450
23884805.524439	0.082717
23884805.557443	0.078420
23884805.590425	0.077308
23884805.623450	0.077343
23884805.656446	0.088716
23884805.689415	0.077972
23884805.722461	0.086594
23884805.755451	0.075645
23884805.788525	0.083790
23884805.821447	0.087752
23884805.854477	0.081488
23884805.887406	0.079629
23884805.920380	0.075627
23884805.953410	0.076703
23884805.986431	0.076787
23884806.019437	0.083664
23884806.052420	0.083554
23884806.085474	0.076717
23884806.118457	0.075612
23884806.151409	0.076714
23884806.184465	0.083702
23884806.217460	0.075961
23884806.250461	0.081759
23884806.283446	0.075815
23884806.316515	0.075586
23884806.349469	0.078689
23884806.382433	0.083257
23884806.415478	0.082416
23884806.448458	0.082414
23884806.481430	0.074377
23884806.514413	0.079583
23884806.547463	0.077468
23884806.580411	0.075488
23884806.613439	0.075392
23884806.646448	0.076311
23884806.679429	0.074313
23884806.712442	0.081532
23884806.745447	0.082534
23884806.778498	0.084653
23884806.811468	0.075333
23884806.844449	0.076691
23884806.877451	0.074528
23884806.910407	0.076373
23884806.943469	0.089409
23884806.976416	0.082558
23884807.009373	0.077387
23884807.042385	0.074517
23884807.075386	0.076387
23884807.108447	0.074363
23884807.141452	0.074320
23884807.174447	0.082546
23884807.207434	0.081748
23884807.240404	0.075347
23884807.273438	0.081404
23884807.306445	0.081433
23884807.339439	0.080375
23884807.372429	0.082421
23884807.405441	0.083797
23884807.438455	0.074381
23884807.471430	0.075478
23884807.504456	0.077396
23884807.537435	0.085443
23884807.570425	0.075311
23884807.603416	0.087742
23884807.636436	0.076592
23884807.669458	0.085431
23884807.702453	0.090527
23884807.735467	0.092863
23884807.768467	0.082562
23884807.801457	0.083650
23884807.834446	0.076603
23884807.867474	0.087447
23884807.900411	0.081488
23884807.933447	0.083614
23884807.966469	0.089377
23884807.999438	0.076423
23884808.032479	0.084617
23884808.065522	0.090462
23884808.098494	0.075320
23884808.131449	0.076644
23884808.164451	0.077438
23884808.197452	0.083531
23884808.230446	0.095822
23884808.263475	0.077482
23884808.296460	0.075592
23884808.329605	0.078342
23884808.362416	0.075604
23884808.395440	0.075557
23884808.428459	0.080621
23884808.461465	0.076519
23884808.494443	0.077435
23884808.527437	0.082793
23884808.560408	0.084541
23884808.593449	0.076459
23884808.626438	0.078522
23884808.659413	0.075581
23884808.692416	0.074550
23884808.725440	0.075610
23884808.758442	0.074611
23884808.791438	0.084553
23884808.824442	0.082554
23884808.857436	0.083606
23884808.890427	0.076338
23884808.923429	0.077445
23884808.956421	0.076768
23884808.989432	0.081693
23884809.022425	0.082745
23884809.055431	0.073541
23884809.088445	0.073375
23884809.121424	0.073621
23884809.154445	0.081871
23884809.187434	0.074867
23884809.220435	0.081937
23884809.253445	0.082579
23884809.286436	0.082883
23884809.319449	0.073946
23884809.352411	0.074056
23884809.385439	0.073898
23884809.418452	0.074694
23884809.451421	0.072952
23884809.484431	0.073780
23884809.517421	0.074036
23884809.550434	0.073887
23884809.583442	0.073928
23884809.616425	0.082949
23884809.649416	0.074749
23884809.682430	0.089928
23884809.715459	0.073797
23884809.748457	0.082759
23884809.781433	0.074563
23884809.814438	0.082877
23884809.847428	0.081546
23884809.880427	0.074931
23884809.913431	0.074862
23884809.946460	0.081959
23884809.979429	0.074691
23884810.012466	0.075001
23884810.045484	0.082741
23884810.078377	0.074958
23884810.111451	0.093937
23884810.144425	0.075495
23884810.177438	0.073927
23884810.210404	0.074888
23884810.243453	0.073947
23884810.276433	0.075855
23884810.309429	0.074975
23884810.342483	0.074595
23884810.375427	0.074962
23884810.408472	0.077156
23884810.441469	0.074852
23884810.474407	0.074935
23884810.507444	0.075091
23884810.540436	0.081767
23884810.573439	0.075773
23884810.606455	0.082041
23884810.639468	0.081840
23884810.672464	0.075631
23884810.705446	0.075601
23884810.738507	0.074583
23884810.771444	0.074660
23884810.804461	0.075671
23884810.837466	0.074995
23884810.870437	0.082162
23884810.903515	0.074862
23884810.936467	0.074846
23884810.969412	0.074863
23884811.002434	0.074898
23884811.035455	0.077830
23884811.068474	0.075907
23884811.101460	0.078269
23884811.134412	0.077729
23884811.167422	0.081997
23884811.200444	0.074954
23884811.233450	0.074931
23884811.266472	0.081865
23884811.299441	0.074922
23884811.332458	0.081748
23884811.365488	0.082072
23884811.398498	0.076027
23884811.431467	0.074931
23884811.464405	0.075045
23884811.497436	0.075056
23884811.530448	0.075121
23884811.563450	0.074027
23884811.596441	0.075990
23884811.629442	0.074940
23884811.662455	0.075235
23884811.695473	0.074922
23884811.728518	0.082839
23884811.761472	0.075913
23884811.794423	0.080977
23884811.827437	0.073836
23884811.860460	0.081856
23884811.893505	0.073997
23884811.926486	0.074899
23884811.959408	0.074449
23884811.992463	0.074013
23884812.025504	0.073907
23884812.058462	0.073942
23884812.091467	0.075929
23884812.124443	0.082184
23884812.157423	0.074989
23884812.190442	0.081947
23884812.223465	0.075036
23884812.256499	0.074270
23884812.289440	0.082214
23884812.322472	0.074939
23884812.355520	0.075833
23884812.388493	0.075067
23884812.421461	0.081990
23884812.454430	0.081793
23884812.487464	0.076059
23884812.520435	0.075920
23884812.553457	0.083096
23884812.586450	0.075943
23884812.619475	0.083266
23884812.652428	0.095047
23884812.685494	0.074682
23884812.718535	0.074807
23884812.751444	0.081804
23884812.784479	0.083656
23884812.817412	0.074747
23884812.850441	0.075682
23884812.883483	0.081868
23884812.916449	0.084705
23884812.949443	0.075848
23884812.982483	0.074690
23884813.015460	0.086028
23884813.048514	0.082643
23884813.081486	0.076578
23884813.114431	0.083851
23884813.147415	0.082860
23884813.180477	0.082600
23884813.213441	0.074798
23884813.246436	0.075713
23884813.279414	0.082769
23884813.312451	0.082679
23884813.345435	0.081829
23884813.378634	0.074640
23884813.411437	0.074720
23884813.444459	0.082691
23884813.477433	0.083935
23884813.510446	0.083756
23884813.543436	0.074611
23884813.576446	0.076793
23884813.609460	0.075756
23884813.642439	0.083916
23884813.675431	0.083080
23884813.708510	0.078617
23884813.741445	0.083903
23884813.774460	0.075011
23884813.807469	0.075574
23884813.840410	0.083761
23884813.873416	0.081807
23884813.906434	0.084754
23884813.939426	0.075666
23884813.972442	0.082131
23884814.005459	0.082132
23884814.038521	0.077669
23884814.071451	0.084704
23884814.104439	0.074716
23884814.137414	0.074804
23884814.170412	0.084779
23884814.203434	0.076833
23884814.236440	0.085850
23884814.269440	0.076983
23884814.302407	0.083899
23884814.335501	0.074893
23884814.368576	0.082977
23884814.401443	0.083774
23884814.434434	0.082923
23884814.467436	0.082756
23884814.500419	0.082785
23884814.533437	0.074800
23884814.566431	0.084859
23884814.599436	0.082833
23884814.632448	0.089100
23884814.665464	0.075770
23884814.698457	0.074821
23884814.731450	0.083725
23884814.764438	0.074906
23884814.797417	0.084872
23884814.830440	0.074823
23884814.863423	0.085812
23884814.896516	0.082691
23884814.929466	0.075681
23884814.962447	0.075831
23884814.995441	0.074840
23884815.028591	0.074614
23884815.061445	0.084027
23884815.094452	0.082795
23884815.127479	0.108252
23884815.160421	0.075410
23884815.193422	0.085880
23884815.226437	0.080943
23884815.259410	0.074172
23884815.292405	0.076103
23884815.325447	0.073825
23884815.358545	0.074739
23884815.391470	0.081912
23884815.424442	0.074844
23884815.457415	0.073840
23884815.490410	0.074882
23884815.523431	0.074815
23884815.556446	0.084827
23884815.589428	0.090867
23884815.622448	0.075041
23884815.655469	0.083024
23884815.688433	0.075087
23884815.721472	0.082667
23884815.754444	0.082882
23884815.787430	0.076101
23884815.820429	0.084846
23884815.853436	0.086152
23884815.886470	0.075847
23884815.919445	0.082729
23884815.952416	0.076791
23884815.985451	0.075907
23884816.018500	0.078821
23884816.051426	0.079756
23884816.084447	0.091878
23884816.117443	0.084930
23884816.150421	0.089857
23884816.183420	0.085931
23884816.216483	0.094967
23884816.249449	0.074830
23884816.282444	0.083203
23884816.315423	0.075173
23884816.348458	0.074973
23884816.381409	0.085160
23884816.414419	0.081924
23884816.447463	0.086936
23884816.480444	0.082002
23884816.513434	0.082103
23884816.546439	0.076935
23884816.579418	0.075785
23884816.612418	0.133316
23884816.645447	0.100408
23884816.678496	0.074906
23884816.777426	0.093135
23884816.810448	0.076204
23884816.843408	0.083242
23884816.876434	0.078260
23884816.909426	0.083181
23884816.942436	0.076096
23884816.975442	0.081091
23884817.008467	0.084168
23884817.041477	0.077212
23884817.074449	0.085374
23884817.107392	0.086439
23884817.140374	0.077318
23884817.173394	0.084197
23884817.206404	0.083377
23884817.239399	0.083289
23884817.272391	0.076688
23884817.305408	0.077167
23884817.338423	0.075938
23884817.371381	0.090260
23884817.404395	0.077556
23884817.437398	0.090225
23884817.470403	0.078230
23884817.503421	0.078298
23884817.536416	0.087667
23884817.569411	0.083427
23884817.602414	0.076273
23884817.635463	0.081383
23884817.668491	0.078136
23884817.701458	0.084446
23884817.734480	0.078067
23884817.767476	0.083380
23884817.800455	0.075983
23884817.833481	0.128535
23884817.866468	0.095683
23884817.899386	0.085343
23884817.932458	0.085103
23884818.031424	0.082055
23884818.064440	0.078448
23884818.097469	0.079136
23884818.130520	0.077085
23884818.163435	0.076274
23884818.196411	0.076371
23884818.229434	0.078236
23884818.262416	0.076230
23884818.295446	0.075916
23884818.328471	0.081093
23884818.361449	0.077328
23884818.394438	0.083438
23884818.427449	0.077316
23884818.460425	0.090348
23884818.493428	0.081418
23884818.526455	0.081294
23884818.559429	0.077530
23884818.592415	0.076407
23884818.625457	0.082144
23884818.658491	0.077265
23884818.691453	0.085154
23884818.724437	0.078057
23884818.757392	0.075100
23884818.790399	0.077187
23884818.823382	0.082273
23884818.856421	0.076348
23884818.889429	0.085472
23884818.922377	0.078435
23884818.955408	0.076395
23884818.988417	0.083728
23884819.021398	0.085629
23884819.054382	0.077432
23884819.087415	0.084464
23884819.120415	0.078410
23884819.153442	0.076489
23884819.186423	0.091540
23884819.219405	0.084267
23884819.252466	0.078311
23884819.285430	0.085190
23884819.318495	0.077105
23884819.351464	0.080250
23884819.384452	0.077113
23884819.417447	0.076378
23884819.450507	0.076978
23884819.483410	0.077651
23884819.516553	0.078246
23884819.549464	0.084582
23884819.582436	0.104379
23884819.615441	0.074042
23884819.648441	0.074016
23884819.681423	0.075151
23884819.714482	0.073948
23884819.747466	0.075078
23884819.780460	0.077270
23884819.813454	0.074429
23884819.846430	0.075477
23884819.879416	0.074963
23884819.912500	0.082098
23884819.945536	0.083019
23884819.978510	0.084055
23884820.011436	0.076042
23884820.044442	0.075018
23884820.077443	0.074443
23884820.110468	0.082193
23884820.143412	0.074150
23884820.176460	0.082012
23884820.209447	0.074332
23884820.242417	0.083755
23884820.275427	0.075255
23884820.308449	0.075164
23884820.341429	0.075066
23884820.374450	0.074456
23884820.407436	0.075372
23884820.440407	0.075577
23884820.473443	0.075504
23884820.506472	0.088408
23884820.539449	0.085127
23884820.572496	0.075371
23884820.605426	0.079345
23884820.638471	0.091543
23884820.671446	0.082545
23884820.704415	0.075448
23884820.737425	0.075199
23884820.770428	0.075641
23884820.803411	0.075594
23884820.836433	0.076182
23884820.869416	0.075379
23884820.902450	0.075340
23884820.935437	0.075144
23884820.968461	0.075382
23884821.001465	0.079394
23884821.034376	0.075456
23884821.067436	0.125508
23884821.100438	0.092611
23884821.133520	0.073977
23884821.166415	0.082101
23884821.265435	0.076133
23884821.298458	0.074106
23884821.331435	0.074149
23884821.364429	0.076087
23884821.397323	0.074786
23884821.430448	0.075183
23884821.463448	0.074533
23884821.496438	0.076478
23884821.529451	0.075650
23884821.562447	0.075357
23884821.595439	0.075501
23884821.628503	0.075656
23884821.661533	0.077381
23884821.694460	0.075468
23884821.727467	0.076779
23884821.760509	0.075630
23884821.793430	0.075513
23884821.826548	0.076526
23884821.859432	0.075416
23884821.892450	0.075397
23884821.925530	0.075457
23884821.958487	0.075333
23884821.991427	0.077563
23884822.024496	0.075397
23884822.057453	0.075390
23884822.090436	0.075535
23884822.123438	0.082948
23884822.156439	0.076807
23884822.189462	0.075651
23884822.222539	0.082769
23884822.255467	0.083629
23884822.288445	0.075637
23884822.321559	0.084417
23884822.354455	0.083494
23884822.387422	0.075581
23884822.420412	0.076180
23884822.453419	0.084477
23884822.486441	0.078795
23884822.519443	0.083727
23884822.552417	0.075584
23884822.585448	0.076504
23884822.618457	0.076410
23884822.651437	0.076477
23884822.684473	0.077584
23884822.717440	0.076910
23884822.750438	0.083878
23884822.783439	0.094309
23884822.816442	0.076363
23884822.849408	0.075041
23884822.882446	0.082383
23884822.915447	0.082426
23884822.948453	0.083236
23884822.981439	0.076319
23884823.014434	0.075193
23884823.047447	0.083390
23884823.080478	0.083273
23884823.113430	0.075356
23884823.146484	0.084057
23884823.179430	0.082299
23884823.212453	0.075256
23884823.245537	0.076221
23884823.278489	0.083130
23884823.311454	0.075162
23884823.344387	0.076127
23884823.377397	0.075432
23884823.410393	0.079190
23884823.443430	0.082504
23884823.476378	0.085500
23884823.509404	0.076238
23884823.542380	0.082592
23884823.575410	0.076501
23884823.608426	0.084257
23884823.641471	0.076124
23884823.674425	0.082318
23884823.707409	0.076254
23884823.740394	0.083416
23884823.773433	0.083356
23884823.806457	0.084220
23884823.839503	0.076254
23884823.872433	0.083332
23884823.905485	0.084296
23884823.938486	0.077117
23884823.971464	0.076207
23884824.004425	0.079558
23884824.037419	0.076220
23884824.070425	0.082524
23884824.103424	0.083279
23884824.136453	0.076272
23884824.169454	0.075191
23884824.202444	0.083322
23884824.235460	0.075168
23884824.268481	0.076587
23884824.301452	0.085276
23884824.334441	0.076325
23884824.367481	0.081382
23884824.400440	0.092453
23884824.433459	0.110364
23884824.466493	0.077442
23884824.499466	0.082424
23884824.532412	0.085656
23884824.598506	0.076460
23884824.631448	0.091675
23884824.664471	0.083477
23884824.697448	0.088502
23884824.730419	0.086625
23884824.763436	0.077688
23884824.796415	0.088458
23884824.829394	0.084569
23884824.862400	0.081494
23884824.895405	0.083942
23884824.928413	0.085478
23884824.961387	0.092637
23884824.994386	0.076591
23884825.027401	0.076390
23884825.060419	0.077341
23884825.093441	0.076337
23884825.126475	0.079719
23884825.159413	0.088743
23884825.192495	0.076318
23884825.225486	0.084534
23884825.258521	0.175545
23884825.291443	0.146352
23884825.324450	0.130593
23884825.357495	0.099510
23884825.522440	0.086390
23884825.555453	0.084376
23884825.588457	0.084430
23884825.621421	0.076388
23884825.654438	0.085305
23884825.687437	0.082497
23884825.720457	0.077379
23884825.753453	0.084322
23884825.786476	0.082438
23884825.819457	0.089417
23884825.852416	0.076336
23884825.885443	0.077442
23884825.918463	0.086481
23884825.951433	0.085379
23884825.984395	0.085364
23884826.017515	0.084331
23884826.050481	0.082683
23884826.083465	0.084352
23884826.116483	0.077354
23884826.149457	0.084478
23884826.182469	0.084627
23884826.215500	0.091722
23884826.248470	0.084359
23884826.281430	0.076531
23884826.314446	0.084444
23884826.347464	0.081529
23884826.380419	0.086377
23884826.413442	0.081508
23884826.446495	0.077395
23884826.479444	0.076502
23884826.512448	0.076372
23884826.545484	0.083551
23884826.578470	0.076343
23884826.611440	0.087313
23884826.644455	0.076378
23884826.677426	0.084413
23884826.710438	0.081607
23884826.743460	0.085549
23884826.776469	0.077502
23884826.809446	0.085471
23884826.842449	0.076463
23884826.875460	0.076399
23884826.908576	0.077288
23884826.941436	0.087413
23884826.974438	0.076475
23884827.007421	0.076577
23884827.040405	0.076452
23884827.073433	0.077451
23884827.106453	0.083395
23884827.139443	0.086722
23884827.172438	0.084520
23884827.205466	0.083403
23884827.238477	0.085427
23884827.271460	0.077489
23884827.304413	0.084465
23884827.337432	0.076613
23884827.370429	0.077432
23884827.403450	0.076499
23884827.436465	0.085366
23884827.469442	0.079502
23884827.502448	0.079381
23884827.535467	0.077330
23884827.568453	0.083684
23884827.601407	0.076846
23884827.634457	0.077381
23884827.667446	0.076444
23884827.700439	0.077494
23884827.733440	0.149141
23884827.766467	0.116253
23884827.799428	0.083450
23884827.832454	0.086492
23884827.964394	0.075393
23884827.997380	0.085407
23884828.030409	0.083561
23884828.063399	0.078552
23884828.096424	0.076473
23884828.129403	0.128706
23884828.162398	0.095851
23884828.195424	0.092569
23884828.294378	0.082857
23884828.327380	0.078673
23884828.360396	0.085745
23884828.393400	0.082723
23884828.426399	0.080420
23884828.459402	0.083714
23884828.492434	0.076371
23884828.525421	0.084347
23884828.558422	0.076342
23884828.591419	0.084435
23884828.624371	0.089652
23884828.657385	0.086499
23884828.690423	0.096634
23884828.723429	0.086474
23884828.756412	0.077537
23884828.789402	0.086470
23884828.822454	0.077289
23884828.855497	0.083439
23884828.888484	0.078290
23884828.921479	0.077478
23884828.954449	0.084511
23884828.987508	0.079598
23884829.020436	0.087469
23884829.053434	0.077373
23884829.086452	0.078448
23884829.119439	0.078325
23884829.152473	0.083619
23884829.185452	0.085416
23884829.218486	0.078384
23884829.251418	0.076512
23884829.284453	0.083606
23884829.317475	0.076365
23884829.350447	0.086662
23884829.383441	0.079466
23884829.416471	0.084419
23884829.449431	0.076528
23884829.482489	0.075360
23884829.515480	0.082573
23884829.548456	0.077417
23884829.581439	0.083548
23884829.614433	0.076342
23884829.647451	0.083679
23884829.680418	0.082576
23884829.713420	0.085544
23884829.746470	0.080409
23884829.779442	0.085546
23884829.812452	0.080550
23884829.845437	0.083551
23884829.878431	0.084527
23884829.911368	0.102743
23884829.944411	0.085705
23884829.977386	0.094551
23884830.010375	0.091696
23884830.043421	0.076487
23884830.076402	0.086718
23884830.109372	0.082580
23884830.142400	0.085846
23884830.175420	0.083752
23884830.208309	0.085647
23884830.241371	0.093753
23884830.274415	0.086594
23884830.307386	0.094645
23884830.373374	0.130992
23884830.406379	0.098083
23884830.439395	0.084733
