0,-0.01
0.047494,-0.01
0.057379,0.074567
0.087007,0.070435
0.11737,0.073388
0.14291,0.070402
0.18024,0.070738
0.20833,0.070659
0.24044,0.070339
0.26636,0.07323
0.29695,0.070796
0.33699,0.075833
0.36853,0.070414
0.385,0.073515
0.41743,0.073179
0.44823,0.073438
0.47813,0.071598
0.51193,0.070672
0.53765,0.072284
0.57065,0.07424
0.60024,0.073143
0.63054,0.072155
0.66045,0.070443
0.69537,0.070845
0.72002,0.071913
0.74541,0.073417
0.77591,0.072815
0.80692,0.071262
0.84423,0.070815
0.8724,0.071689
0.90027,0.072359
0.93049,0.070551
0.9602,0.070497
0.99014,0.070836
1.0201,0.071041
1.0553,0.070614
1.0772,0.070307
1.1154,0.070337
1.134,0.070493
1.1722,0.070651
1.1974,0.070664
1.2275,0.070703
1.2684,0.070316
1.2873,0.070978
1.3201,0.07242
1.3605,0.070805
1.3803,0.070721
1.4057,0.070743
1.4379,0.070725
1.4788,0.071008
1.497,0.071344
1.527,0.071247
1.56,0.071383
1.5899,0.070343
1.627,0.070261
1.6505,0.070164
1.6848,0.070963
1.7202,0.07075
1.7355,0.070374
1.7672,0.070889
1.7973,0.071058
1.8241,0.070654
1.8577,0.072574
1.8904,0.073102
1.9203,0.071245
1.9476,0.074608
1.9776,0.072615
2.0154,0.074824
2.0374,0.070914
2.0651,0.071893
2.0944,0.072601
2.1274,0.070525
2.1523,0.073409
2.1858,0.070439
2.2303,0.071331
2.2585,0.070728
2.2807,0.071389
2.3106,0.070933
2.3392,0.070648
2.3802,0.071018
2.3951,0.070482
2.4274,0.071134
2.4604,0.071034
2.4954,0.074745
2.5172,0.070612
2.5587,0.071075
2.5775,0.075037
2.6106,0.07435
2.6405,0.071459
2.6602,0.070391
2.6971,0.076949
2.7287,0.072462
2.7662,0.073724
2.7903,0.079411
2.8258,0.070533
2.8508,0.070856
2.8904,0.071948
2.9082,0.071458
2.9533,0.074556
2.9787,0.073801
2.9975,0.070897
3.0403,0.071358
3.0651,0.070881
3.0882,0.071091
3.1204,0.070921
3.1451,0.070467
3.1786,0.070441
3.2073,0.07085
3.2422,0.070464
3.2705,0.071847
3.307,0.070489
3.3459,0.073237
3.3575,0.072264
3.3864,0.071036
3.414,0.072984
3.4534,0.070904
3.4774,0.070541
3.5084,0.071636
3.5437,0.071241
3.5722,0.071092
3.6005,0.071063
3.6316,0.070694
3.6683,0.071392
3.6921,0.071033
3.7153,0.071615
3.7557,0.072941
3.7852,0.07148
3.8184,0.072854
3.8404,0.070742
3.8673,0.074721
3.8999,0.070433
3.9324,0.07085
3.9608,0.070451
3.9954,0.071421
4.0322,0.072319
4.0477,0.074428
4.0774,0.07256
4.106,0.070832
4.1345,0.071129
4.163,0.071427
4.1925,0.070906
4.227,0.070538
4.2655,0.070827
4.2955,0.070464
4.3206,0.072635
4.3423,0.072008
4.3761,0.075322
4.4075,0.07083
4.4401,0.07079
4.4644,0.07052
4.4974,0.070477
4.5284,0.070904
4.56,0.07048
4.5877,0.070469
4.6284,0.070557
4.6521,0.070818
4.6775,0.070966
4.7153,0.077898
4.734,0.070841
4.7621,0.070993
4.792,0.070479
4.8384,0.070474
4.8603,0.070435
4.8904,0.073245
4.9202,0.070913
4.9586,0.07197
4.9853,0.070424
5.0034,0.070894
5.0354,0.071342
5.0604,0.071197
5.0923,0.073557
5.1275,0.070512
5.1575,0.071012
5.1841,0.075504
5.2174,0.070542
5.2472,0.071217
5.2796,0.072138
5.3002,0.072525
5.3374,0.070893
5.3756,0.075451
5.3946,0.070669
5.4312,0.074304
5.4529,0.070578
5.4906,0.075841
5.5176,0.081016
5.5482,0.070508
5.5884,0.072975
5.6079,0.070901
5.6423,0.073224
5.6676,0.073047
5.6955,0.071625
5.7224,0.0707
5.7576,0.070562
5.7908,0.070505
5.8142,0.07057
5.8638,0.07534
5.8723,0.072846
5.9156,0.070541
5.9406,0.07051
5.9629,0.073205
6.008,0.070858
6.0207,0.074139
6.0574,0.075117
6.0929,0.073299
6.12,0.073665
6.1501,-0.01
6.1776,-0.01
6.2107,0.070613
6.2341,0.071242
6.2785,0.070608
6.3025,0.070516
6.3354,0.074021
6.3557,0.071012
6.3876,0.070992
6.4174,0.071478
6.4458,0.070597
6.4853,0.07049
6.51,0.071952
6.5401,0.070526
6.5706,0.070951
6.6023,0.070595
6.6352,0.071555
6.6574,0.070656
6.6853,0.070596
6.7155,0.070942
6.7425,0.070658
6.7776,0.07092
6.8023,0.072967
6.8393,0.076661
6.8623,0.082956
6.9074,0.082822
6.932,0.070965
6.9572,0.073295
6.9901,0.081953
7.0146,0.074844
7.0519,0.070704
7.0808,0.073803
7.1093,0.070531
7.1373,0.075874
7.1706,0.07418
7.2101,0.073148
7.2351,0.070918
7.2643,0.070548
7.3081,0.086377
7.3176,0.071298
7.3463,0.071278
7.3785,0.072992
7.4105,0.070625
7.4376,0.073046
7.4705,0.077083
7.492,0.070991
7.5247,0.070667
7.5608,0.074247
7.5905,0.07064
7.6275,0.071024
7.6556,0.071048
7.6775,0.074114
7.7104,0.074617
7.7342,0.070636
7.7787,0.071374
7.8055,0.07074
7.8277,0.075963
7.8601,0.076904
7.8951,0.071931
7.9176,0.072251
7.9525,0.072339
7.9774,0.071003
8.0087,0.074484
8.0346,0.070752
8.0653,0.073478
8.102,0.071678
8.1321,0.070698
8.1602,0.076701
8.1879,0.071041
8.2205,0.0734
8.2584,0.070691
8.2907,0.070634
8.3021,0.070772
8.3451,0.076987
8.3867,-0.01
8.3908,0.075469
8.4261,0.079475
8.4573,0.070662
8.4905,0.071688
8.5208,0.074266
8.5555,0.077501
8.5804,0.073351
8.6003,0.07136
8.6326,0.073747
8.6675,0.072748
8.6986,0.073746
8.724,0.071349
8.7561,0.070599
8.7873,-0.01
8.8204,-0.01
8.8473,0.070613
8.8803,0.070728
8.9153,0.073435
8.945,0.073526
8.9753,0.070879
8.9986,0.070783
9.0307,0.075878
9.0552,0.073905
9.0872,0.070838
9.1123,0.073233
9.1505,0.070933
9.1862,0.073306
9.2158,0.072014
9.2445,0.073282
9.2591,0.078344
9.2975,0.07081
9.3257,0.071375
9.3541,-0.01
9.3882,-0.01
9.4186,-0.01
9.4551,0.070789
9.488,0.070838
9.5105,0.070826
9.54,0.070807
9.5767,0.072269
9.6105,0.072755
9.6356,0.071316
9.6564,0.072924
9.6877,0.071357
9.7131,0.073834
9.7524,0.073479
9.7772,0.072591
9.8155,0.076112
9.8424,0.071492
9.8657,0.071079
9.9057,0.072969
9.9354,0.073166
9.9738,0.071007
9.9856,0.071406
10.018,0.07378
10.056,0.071783
10.074,0.071004
10.11,0.070878
10.145,0.07125
10.181,0.070827
10.201,0.071576
10.236,0.07091
10.252,0.072879
10.301,0.070945
10.312,0.071183
10.356,0.074586
10.377,0.073962
10.408,0.072282
10.438,0.071608
10.476,0.073753
10.501,0.073121
10.53,0.071276
10.57,0.07097
10.596,0.074404
10.626,0.071114
10.655,0.071862
10.678,0.073044
10.71,0.074883
10.738,0.07208
10.767,0.071071
10.801,0.075564
10.831,0.073152
10.868,0.073579
10.897,0.078929
10.921,0.074862
10.951,0.071181
10.978,0.075755
11.008,0.074163
11.032,0.084307
11.064,0.078765
11.102,0.072122
11.121,0.071073
11.154,0.074347
11.19,0.072266
11.225,0.070954
11.242,0.073978
11.273,0.073957
11.324,0.071945
11.332,0.073592
11.379,0.073347
11.402,0.071234
11.43,0.072211
11.459,0.0722
11.499,0.071359
11.525,0.071108
11.556,0.071251
11.57,0.073279
11.607,0.070833
11.637,0.072232
11.665,0.070805
11.7,-0.01
11.729,0.070774
11.759,0.07101
11.799,0.074499
11.821,0.071519
11.851,0.071447
11.882,0.071079
11.908,0.075107
11.933,0.071914
11.974,0.072232
12.006,0.071528
12.03,0.074919
12.057,0.070788
12.088,0.071454
12.121,0.07449
12.144,-0.01
12.188,-0.01
12.215,0.070774
12.241,0.071888
12.267,0.070903
12.297,0.077146
12.324,0.070982
12.36,0.073713
12.387,0.074876
12.412,0.07352
12.455,0.072882
12.486,0.072979
12.513,0.071568
12.541,0.073834
12.596,0.071466
12.602,0.0712
12.634,0.078152
12.657,0.071299
12.695,0.071268
12.715,0.071224
12.748,0.071311
12.783,0.072443
12.807,0.07307
12.841,0.071225
12.869,0.072505
12.909,0.073248
12.927,0.070974
12.965,0.071014
12.984,0.071201
13.02,0.071396
13.05,0.071506
13.077,0.071184
13.118,0.073889
13.14,0.07098
13.17,0.071561
13.209,0.071173
13.219,0.070961
13.258,0.07084
13.286,0.070841
13.315,0.071149
13.343,0.071096
13.371,0.071524
13.413,0.071249
13.442,0.073156
13.47,0.070901
13.499,0.071844
13.527,0.071259
13.549,0.070883
13.583,0.071278
13.616,0.070854
13.647,0.071312
13.674,0.075734
13.704,0.071311
13.743,0.070921
13.767,0.071627
13.8,0.070975
13.824,0.071068
13.857,0.072318
13.88,0.073002
13.928,0.071011
13.947,0.07098
13.978,0.076491
14.005,0.073641
14.033,0.070925
14.073,0.070985
14.093,0.071243
14.13,0.07092
14.163,0.071504
14.187,0.07127
14.209,0.071339
14.247,0.070971
14.285,0.071316
14.315,0.07779
14.337,0.07435
14.362,0.072292
14.398,0.077447
14.432,0.071705
14.468,0.071341
14.489,0.071735
14.529,0.076404
14.542,0.077069
14.573,0.071298
14.607,0.071265
14.638,0.070935
14.672,0.073729
14.696,0.071023
14.738,0.072726
14.762,0.073641
14.788,0.071045
14.826,0.071336
14.852,0.070973
14.872,0.074405
14.913,0.071181
14.933,0.071877
14.976,0.071701
14.998,0.071539
15.029,0.071484
15.058,0.071326
15.087,0.079315
15.116,0.075391
15.158,0.071596
15.183,0.071261
15.207,0.074287
15.233,0.071325
15.266,0.071926
15.299,0.073387
15.338,0.071611
15.355,0.071323
15.388,0.071209
15.418,0.077118
15.45,0.076962
15.477,0.071274
15.519,0.075106
15.549,0.073201
15.584,0.071112
15.595,0.071647
15.628,0.071269
15.657,0.072086
15.684,0.07199
15.717,0.071179
15.748,0.071606
15.777,0.07133
15.816,0.071534
15.846,0.071315
15.859,0.071476
15.909,0.071243
15.931,0.073019
15.958,0.073577
15.988,0.07133
16.028,-0.01
16.059,0.073666
16.081,0.071406
16.119,0.071181
16.148,0.071884
16.175,0.073779
16.189,0.077068
16.228,0.072479
16.265,0.071387
16.29,0.071044
16.322,0.071406
16.349,0.072408
16.381,0.073819
16.408,0.071539
16.437,0.071019
16.471,0.071484
16.502,0.071456
16.52,0.075109
16.565,0.073209
16.595,0.07349
16.626,0.07145
16.648,0.074576
16.681,0.072928
16.713,0.071051
16.738,0.071319
16.77,0.071078
16.795,0.071117
16.827,-0.01
16.854,-0.01
16.884,0.071192
16.91,0.071076
16.941,0.071154
16.989,0.071527
17.01,0.071353
17.041,0.071467
17.071,0.073459
17.1,0.0713
17.13,0.071131
17.169,0.071231
17.183,0.071319
17.234,0.071577
17.242,0.071197
17.277,0.071149
17.32,0.071303
17.337,0.082861
17.368,0.071271
17.399,0.071345
17.427,0.071285
17.458,0.071766
17.491,0.071424
17.51,0.071553
17.548,0.072126
17.578,0.072807
17.616,0.073669
17.642,0.071428
17.668,0.071319
17.699,0.073822
17.727,0.071842
17.761,0.071821
17.783,0.071253
17.82,0.07123
17.84,0.07182
17.886,0.071606
17.907,0.071706
17.939,0.071389
17.964,0.071659
18,0.071751
18.022,0.071507
18.054,0.071591
18.098,0.071294
18.129,0.07169
18.159,0.071844
18.172,0.071618
18.207,0.071718
18.233,0.072713
18.263,0.072746
18.293,0.072394
18.323,0.071518
18.372,0.071412
18.385,-0.01
18.414,-0.01
18.466,0.081259
18.48,0.084395
18.5,-0.01
18.548,0.071906
18.567,0.071465
18.597,0.071813
18.627,0.074171
18.655,0.079438
18.691,0.075589
18.718,0.072213
18.755,0.072575
18.776,0.071776
18.811,0.073226
18.831,0.071231
18.871,0.071954
18.905,0.073158
18.928,0.072637
18.961,0.071952
18.987,0.07116
19.018,0.075087
19.043,0.071656
19.072,0.07156
19.111,0.075621
19.141,0.071217
19.176,0.073392
19.197,0.073502
19.228,0.07401
19.267,0.071647
19.282,0.074756
19.32,0.078892
19.353,-0.01
19.381,-0.01
19.413,0.074093
19.439,0.071301
19.486,0.071641
19.51,0.07147
19.54,0.071774
19.572,0.07129
19.588,0.071403
19.622,0.075439
19.645,0.07135
19.686,0.07768
19.708,0.071409
19.744,0.076083
19.772,0.073089
19.802,0.071255
19.839,0.071812
19.862,0.071754
19.886,0.071606
19.927,0.075769
19.944,0.071648
19.979,-0.01
20.004,-0.01
20.035,0.072242
20.064,0.071649
20.093,0.071342
20.144,0.075334
20.15,0.077494
20.191,0.07213
20.23,0.074004
20.248,0.071755
20.289,0.07578
20.305,0.071398
20.343,0.07331
20.363,0.071392
20.402,0.073288
20.428,0.073389
20.467,0.074608
20.48,0.072024
20.524,0.072364
20.546,0.072343
20.582,0.071555
20.608,0.080829
20.639,0.071309
20.663,0.071685
20.707,0.072801
20.721,-0.01
20.758,-0.01
20.791,0.07495
20.809,0.073624
20.843,0.071289
20.876,0.071603
20.903,0.073627
20.946,0.07437
20.964,0.07129
21.007,0.073746
21.034,0.072025
21.067,0.071247
21.091,0.072022
21.119,0.071263
21.143,0.077572
21.173,0.071269
21.208,0.071328
21.233,0.074642
21.268,0.071318
21.307,0.071249
21.329,0.073814
21.36,0.071708
21.391,0.071281
21.422,0.071298
21.452,0.071346
21.474,0.071368
21.504,0.072956
21.534,0.073744
21.576,0.074666
21.594,0.074448
21.634,0.072391
21.658,0.076177
21.689,0.071838
21.718,0.073562
21.76,0.071995
21.782,0.071619
21.799,0.071539
21.837,0.071805
21.864,0.072128
21.894,0.071403
21.924,0.074894
21.959,0.071672
21.992,0.071393
22.024,0.074065
22.052,0.073819
22.084,0.072148
22.113,0.073383
22.13,-0.01
22.17,-0.01
22.193,0.071328
22.226,0.072946
22.253,0.073723
22.289,0.072613
22.327,0.071486
22.343,0.076735
22.382,0.071376
22.416,0.072035
22.444,0.072815
22.459,0.076197
22.5,0.072027
22.528,0.073743
22.558,0.072006
22.587,0.075138
22.617,0.082504
22.651,0.073407
22.679,0.073844
22.703,0.072097
22.749,0.072181
22.779,0.072809
22.791,0.074933
22.827,0.072093
22.861,0.071464
22.885,0.071479
22.916,0.074377
22.948,0.072168
22.979,0.071402
23.004,0.071393
23.042,0.073701
23.082,0.071409
23.102,0.074455
23.119,0.071788
23.159,0.071485
23.194,0.072232
23.227,0.07728
23.247,0.075659
23.279,0.072093
23.317,0.073114
23.334,0.071751
23.368,0.071423
23.41,0.072078
23.432,0.072136
23.449,0.073776
23.499,0.073198
23.518,0.073747
23.547,0.073477
23.581,0.071942
23.612,0.072149
23.639,0.071862
23.667,0.072839
23.703,0.073114
23.734,0.072432
23.753,0.071412
23.795,0.083653
23.814,0.071952
23.846,0.071408
23.879,0.076497
23.908,0.072109
23.94,0.071384
23.968,0.07192
23.998,0.077573
24.034,0.071414
24.067,0.071441
24.092,0.074147
24.109,0.072524
24.159,0.071471
24.177,0.071538
24.209,0.073517
24.234,0.074978
24.266,0.074898
24.306,0.07159
24.333,0.07755
24.362,0.073979
24.388,0.07213
24.422,0.072586
24.439,0.073922
24.486,0.071429
24.503,0.073942
24.539,0.07447
24.569,0.074481
24.595,0.071732
24.623,0.071429
24.654,0.072464
24.689,0.073506
24.716,0.07203
24.756,0.073697
24.77,0.071719
24.803,0.07226
24.834,0.071404
24.863,0.073167
24.89,0.074462
24.926,0.072477
24.964,0.073225
24.989,0.072139
25.027,0.072588
25.046,0.072192
25.089,0.073549
25.104,0.074258
25.133,0.071633
25.163,0.071519
25.195,0.073929
25.231,0.075854
25.254,0.072377
25.292,0.071579
25.319,0.07225
25.352,0.071456
25.376,0.074483
25.412,0.073659
25.429,0.074076
25.463,0.071565
25.502,0.073946
25.529,0.071605
25.561,0.07467
25.589,0.072549
25.619,0.071903
25.66,0.071553
25.678,0.075036
25.716,0.072294
25.747,0.073239
25.759,0.071957
25.794,0.07159
25.826,0.07148
25.853,0.0745
25.884,0.072673
25.923,0.071497
25.956,0.073662
25.981,0.071974
26.022,0.084014
26.041,0.071607
26.077,0.072663
26.09,0.072065
26.124,0.071946
26.156,0.071654
26.183,0.073987
26.219,0.074603
26.254,0.07327
26.279,0.071999
26.299,-0.01
26.337,-0.01
26.368,0.07268
26.393,0.07188
26.419,0.071978
26.453,0.071734
26.486,0.073058
26.511,0.071916
26.547,0.076876
26.582,0.077811
26.614,0.07464
26.637,-0.01
26.672,0.071981
26.707,0.072515
26.724,0.07306
26.75,0.071873
26.784,0.072216
26.816,0.072924
26.847,0.07164
26.879,0.074479
26.904,0.072601
26.936,0.073161
26.968,0.073943
26.998,0.071662
27.037,0.071961
27.067,0.071846
27.084,0.071522
27.132,0.071946
27.141,0.071581
27.178,0.073284
27.217,0.074387
27.234,0.071507
27.269,0.071479
27.302,0.071541
27.334,0.072353
27.365,0.071612
27.392,0.071711
27.421,0.072577
27.444,0.07261
27.47,0.072242
27.504,0.079722
27.55,0.073411
27.573,0.071568
27.602,0.076688
27.631,0.072123
27.658,0.07395
27.695,0.072009
27.723,0.072054
27.743,0.074141
27.772,0.07183
27.8,0.072035
27.833,0.073024
27.872,-0.01
27.9,-0.01
27.931,0.073805
27.962,0.074228
27.996,0.074106
28.022,0.071787
28.047,0.071787
28.074,0.072548
28.103,0.072059
28.138,0.0748
28.169,0.072147
28.196,0.071936
28.234,0.078992
28.265,0.073828
28.299,0.074994
28.327,0.074374
28.368,0.072024
28.39,0.071644
28.404,0.07534
28.442,0.072033
28.463,0.0716
28.499,0.073388
28.521,0.072143
28.565,0.07248
28.593,0.071644
28.627,0.074101
28.644,0.072112
28.684,0.080548
28.712,0.075832
28.73,0.07176
28.769,0.07171
28.842,0.075054
28.846,0.073734
28.87,0.07619
28.89,0.071783
28.915,0.071711
28.95,0.075057
28.985,0.071768
29.011,0.071769
29.042,0.071802
29.059,0.072237
29.107,0.072373
29.129,0.072193
29.158,0.079341
29.2,0.074381
29.219,0.077659
29.257,0.07726
29.28,0.07788
29.31,0.07545
29.348,0.072315
29.371,0.074019
29.396,0.077374
29.432,0.076151
29.452,0.071771
29.487,0.079208
29.528,0.075595
29.547,0.074169
29.595,0.072111
29.612,0.072027
29.642,0.081857
29.691,0.088396
29.707,0.077416
29.722,0.074943
29.758,0.072008
29.795,0.073711
29.816,0.07284
29.849,0.072997
29.873,0.073057
29.901,-0.01
29.939,-0.01
29.97,0.072548
30.008,0.073526
30.036,0.072287
30.057,0.074575
30.091,0.072136
30.116,0.072757
30.147,0.072304
30.18,0.074439
30.208,0.071937
30.235,0.072373
30.278,0.081421
30.3,0.073946
30.33,0.072421
30.368,0.072074
30.395,0.071951
30.413,0.072019
30.446,0.07277
30.471,0.072073
30.503,0.072412
30.531,0.072016
30.568,0.076961
30.603,0.072232
30.643,0.076878
30.668,0.075409
30.703,0.072931
30.711,0.074633
30.747,0.072181
30.787,0.074615
30.807,0.076714
30.836,0.072845
30.87,0.078936
30.898,0.074348
30.933,0.072702
30.964,0.080742
30.983,0.073434
31.019,0.082037
31.042,0.074869
31.073,0.079189
31.109,0.078394
31.132,0.074447
31.174,0.075583
31.208,0.073915
31.226,0.074197
31.263,-0.01
31.303,0.079731
31.328,0.07429
31.352,0.072532
31.387,0.072112
31.403,0.07193
31.435,0.073383
31.464,0.073639
31.493,0.073865
31.528,0.072009
31.551,0.072107
31.586,0.072868
31.619,0.072149
31.644,0.074094
31.677,0.074136
31.702,0.077119
31.733,0.07277
31.766,0.072922
31.798,0.076172
31.827,0.072861
31.856,0.071955
31.889,0.072572
31.913,0.072454
31.954,0.072528
31.98,0.072093
32.004,-0.01
32.037,-0.01
32.061,0.081621
32.094,0.072444
32.122,0.073061
32.151,0.073297
32.19,0.07302
32.219,0.072221
32.25,0.07219
32.279,0.075572
32.308,0.072477
32.34,0.073535
32.359,0.071943
32.394,0.071912
32.437,0.072526
32.456,0.074277
32.49,0.072689
32.522,0.071881
32.548,0.071865
32.578,0.072912
32.607,0.071826
32.637,0.072877
32.678,0.072939
32.692,0.072634
32.723,0.072327
32.751,0.07225
32.782,0.071891
32.828,0.072486
32.851,0.073891
32.885,0.071885
32.91,0.071855
32.941,0.078671
32.978,0.07187
33.002,0.07355
33.02,0.074327
33.053,0.071947
33.094,0.07183
33.111,0.074645
33.147,0.072581
33.176,0.072254
33.212,0.072885
33.237,0.07195
33.269,0.074239
33.295,0.075286
33.327,0.083576
33.36,0.079773
33.382,0.077333
33.42,0.076216
33.447,0.072575
33.477,0.074957
33.503,0.071908
33.542,0.073908
33.57,0.076651
33.599,0.071986
33.627,0.074326
33.668,0.074362
33.682,0.071944
33.713,0.071877
33.747,0.07427
33.78,0.074632
33.81,0.07262
33.836,0.071959
33.867,0.07234
33.899,0.072516
33.924,0.074681
33.965,0.076776
33.998,0.071942
34.018,0.074688
34.05,0.072347
34.076,0.075588
34.107,0.074278
34.139,0.072285
34.175,0.072301
34.208,0.075437
34.218,0.074431
34.26,0.074051
34.292,0.073599
34.325,0.07429
34.341,0.07573
34.373,0.072977
34.406,0.072637
34.436,0.076771
34.466,0.077089
34.5,0.072243
34.522,0.072338
34.561,0.072073
34.59,0.07231
34.62,0.073038
34.652,0.072033
34.672,-0.01
34.703,-0.01
34.729,0.07231
34.767,0.071965
34.801,0.075198
34.824,0.072091
34.88,0.072067
34.898,-0.01
34.925,-0.01
34.958,0.073378
34.982,0.073053
35.002,0.072326
35.033,0.076729
35.061,0.073123
35.122,0.078157
35.127,0.072368
35.156,0.072031
35.199,0.071894
35.221,0.072461
35.26,0.074127
35.288,0.072668
35.314,0.07197
35.345,0.074108
35.363,0.073023
35.404,0.072149
35.427,0.074027
35.463,0.072669
35.491,0.077417
35.523,0.074277
35.549,0.072242
35.584,0.071939
35.615,0.072611
35.661,0.074288
35.674,0.075102
35.693,0.077318
35.726,0.072161
35.759,0.072213
35.81,0.074573
35.82,0.072077
35.851,0.071974
35.885,0.076031
35.916,0.074526
35.945,0.0723
35.978,0.076653
35.992,0.072392
36.027,0.072792
36.059,0.076805
36.084,0.076083
36.117,0.076965
36.147,0.072137
36.177,0.07587
36.226,0.072479
36.238,0.073978
36.279,0.076843
36.299,0.07457
36.34,0.074082
36.361,0.072132
36.387,0.07404
36.416,0.075587
36.45,0.080155
36.487,0.077238
36.504,0.075066
36.539,0.073182
36.566,0.072066
36.595,0.076205
36.628,0.07349
36.654,0.074534
36.684,0.07241
36.725,0.074499
36.741,0.072052
36.776,0.079637
36.806,0.072491
36.835,0.075095
36.861,0.073051
36.909,0.07774
36.929,0.074667
36.959,0.073174
36.98,0.072194
37.013,0.072112
37.046,0.072454
37.074,0.072496
37.103,0.072701
37.139,0.073155
37.165,0.072108
37.198,0.07955
37.226,0.074426
37.256,0.072091
37.294,0.073486
37.316,0.072174
37.351,0.072167
37.37,0.074244
37.405,0.076292
37.436,0.072584
37.465,0.073252
37.497,0.072744
37.52,0.072555
37.554,0.075197
37.594,0.073704
37.626,0.072349
37.641,0.072142
37.672,0.071989
37.706,0.072096
37.73,0.074275
37.765,0.07253
37.801,0.072835
37.829,0.072353
37.857,0.072209
37.889,0.072161
37.92,0.088814
37.956,0.072101
37.971,0.072195
38.002,0.072732
38.034,0.07255
38.061,0.072426
38.1,0.072893
38.125,0.072469
38.155,0.072739
38.188,0.072514
38.222,0.072863
38.25,0.072739
38.284,0.07344
38.305,0.073393
38.332,0.072541
38.362,0.073138
38.391,0.075133
38.422,0.072954
38.456,0.072525
38.48,0.072593
38.526,0.074114
38.556,0.072562
38.584,0.072455
38.616,0.073123
38.63,0.07324
38.663,0.073509
38.697,0.072479
38.721,0.072487
38.757,0.073318
38.791,0.072535
38.815,0.072913
38.849,0.073473
38.88,0.072465
38.914,0.072489
38.935,0.072859
38.96,0.076036
38.993,0.07566
39.021,0.0749
39.059,0.073853
39.091,0.073966
39.124,0.07239
39.151,0.075559
39.176,0.076581
39.216,0.082306
39.236,0.074364
39.27,0.088518
39.29,0.073025
39.322,0.072973
39.356,0.072875
39.381,0.073469
39.413,0.073099
39.45,0.072405
39.48,0.072287
39.51,0.074797
39.539,0.074006
39.577,0.072636
39.601,0.072657
39.62,0.074004
39.651,0.072484
39.687,0.078595
39.715,0.073135
39.745,0.075236
39.773,0.072521
39.816,0.072412
39.837,0.075591
39.877,0.075172
39.906,0.073162
39.936,0.072823
39.95,0.074084
39.991,0.07282
40.013,0.074838
40.048,0.083807
40.075,0.077466
40.108,0.074252
40.131,0.072482
40.177,0.076216
40.195,0.075124
40.233,0.074275
40.256,0.073858
40.294,-0.01
40.312,-0.01
40.345,0.072708
40.38,0.084699
40.402,0.074852
40.441,0.075027
40.47,0.078038
40.499,0.077304
40.531,0.072428
40.557,0.075262
40.59,0.078994
40.61,0.072306
40.643,0.075381
40.679,0.072379
40.705,0.075397
40.736,0.078453
40.766,0.07381
40.82,0.07259
40.825,0.072228
40.855,0.080409
40.899,-0.01
40.927,-0.01
40.94,0.072365
40.972,0.072467
41.005,0.074813
41.03,0.074461
41.097,0.075737
41.113,0.075015
41.127,0.072381
41.164,0.072461
41.189,0.078701
41.23,0.079523
41.257,0.075328
41.28,0.072825
41.303,0.073086
41.343,0.076663
41.367,0.074894
41.397,0.074576
41.427,0.072639
41.454,0.072721
41.486,0.07327
41.516,0.072742
41.544,0.075563
41.581,0.074565
41.602,0.073272
41.637,0.072858
41.675,0.072588
41.693,0.07539
41.727,0.073351
41.761,0.073205
41.786,0.072475
41.817,0.073764
41.85,0.072921
41.881,0.072555
41.91,0.074609
41.938,0.074686
41.979,0.072661
42.002,0.072316
42.029,0.073452
42.061,0.074152
42.087,0.072335
42.116,0.072975
42.147,0.073119
42.18,0.0723
42.207,0.072456
42.246,0.074061
42.259,0.07476
42.292,0.073125
42.331,0.07243
42.389,0.072564
42.392,0.072723
42.425,0.072698
42.452,0.072832
42.478,0.077431
42.511,0.07494
42.537,0.072358
42.589,0.072443
42.616,0.072735
42.622,0.072411
42.655,0.073041
42.684,0.07512
42.713,0.077273
42.749,0.072387
42.785,0.072385
42.808,0.079063
42.84,0.078525
42.878,0.082039
42.902,0.075163
42.921,0.078882
42.96,0.073057
42.981,0.07409
43.018,0.072731
43.054,0.078883
43.122,0.074401
43.123,0.073479
43.139,0.077808
43.171,0.072709
43.2,0.074487
43.23,0.077484
43.265,0.080752
43.281,0.072552
43.317,0.082431
43.346,0.0726
43.376,0.078515
43.426,0.074802
43.441,0.07515
43.462,0.072903
43.501,0.077423
43.526,0.075841
43.564,0.078468
43.581,0.081534
43.612,0.076216
43.645,0.075204
43.676,0.074528
43.709,0.07648
43.733,0.072324
43.768,0.078498
43.805,0.073455
43.837,0.072404
43.86,0.07246
43.89,0.072479
43.925,0.073264
43.951,0.072574
43.983,0.072467
44.007,0.072817
44.044,0.075523
44.072,0.073783
44.098,0.07447
44.13,0.073815
44.159,0.072858
44.189,0.072499
44.219,0.074638
44.24,0.072896
44.272,0.073097
44.309,0.081921
44.336,0.074511
44.366,0.076823
44.399,0.072734
44.426,0.07245
44.459,0.073637
44.486,0.074999
44.525,0.072823
44.55,0.074277
44.571,0.072946
44.602,0.07264
44.646,0.072601
44.662,0.074445
44.696,0.073263
44.729,0.073481
44.767,0.074317
44.786,0.072598
44.821,0.074771
44.857,0.073127
44.887,0.074112
44.901,0.072884
44.932,0.073155
44.961,0.072628
44.991,0.073215
45.021,0.075281
45.051,0.073883
45.095,0.074918
45.121,0.072648
45.149,0.074988
45.177,0.073124
45.212,0.076972
45.232,0.072758
45.263,0.073388
45.291,0.073208
45.327,0.078176
45.362,0.075375
45.386,0.07255
45.422,0.072603
45.446,0.072574
45.481,0.074844
45.506,0.073031
45.547,0.072739
45.561,0.075089
45.596,0.072878
45.637,0.07984
45.656,0.074751
45.683,0.072813
45.716,0.073077
45.741,0.073218
45.776,0.073893
45.81,0.073611
45.836,0.072805
45.869,0.072962
45.896,0.072907
45.923,0.073386
45.952,0.072866
45.981,0.072869
46.012,0.073425
46.049,0.073125
46.076,0.073606
46.11,0.073454
46.149,0.074917
46.177,0.073188
46.2,0.072979
46.229,0.072678
46.253,0.072719
46.29,0.073173
46.311,0.07276
46.355,0.073379
46.382,0.073507
46.41,0.072881
46.437,0.073242
46.469,0.072926
46.507,0.073159
46.531,0.072861
46.551,0.075203
46.587,0.072964
46.611,0.073394
46.643,0.073226
46.678,0.075698
46.706,0.072904
46.734,0.072961
46.769,0.0728
46.799,0.074764
46.834,0.073452
46.869,0.076774
46.887,0.076737
46.913,0.07406
46.944,0.073256
46.979,0.07298
47.009,0.073324
47.036,0.072894
47.07,0.072883
47.099,0.073364
47.138,0.075926
47.168,0.07348
47.189,0.075862
47.212,0.072908
47.246,0.073186
47.271,0.072875
47.302,0.076441
47.336,0.072962
47.366,0.073602
47.399,0.073106
47.423,0.075963
47.46,0.073528
47.489,0.072911
47.519,0.072925
47.541,0.073325
47.571,0.072974
47.601,0.073239
47.639,0.074615
47.668,0.073224
47.696,0.07329
47.724,0.075683
47.751,0.073127
47.789,0.076951
47.827,0.073474
47.85,0.073238
47.877,0.075666
47.905,0.075863
47.936,0.080571
47.962,0.080027
47.993,0.077733
48.026,0.072972
48.057,0.074548
48.095,0.073378
48.114,0.072989
48.146,0.07446
48.179,0.080257
48.202,0.072618
48.24,0.073044
48.261,0.073378
48.296,0.075053
48.329,0.075362
48.359,0.0744
48.389,0.076701
48.411,0.072745
48.449,0.075424
48.479,0.073008
48.515,0.072663
48.54,0.07631
48.57,0.074414
48.604,0.073403
48.627,0.075367
48.656,0.075698
48.689,0.076962
48.716,0.072625
48.746,0.072982
48.773,0.072667
48.804,0.073333
48.842,0.07669
48.86,0.074753
48.893,0.072759
48.927,0.07267
48.951,0.074759
48.986,0.079093
49.021,0.07379
49.044,0.072653
49.077,0.073399
49.106,0.072789
49.136,0.072681
49.171,0.074428
49.197,0.075196
49.234,0.073339
49.264,0.074105
49.294,0.07271
49.325,0.073729
49.347,0.073989
49.384,0.074431
49.406,0.07575
49.439,0.075307
49.463,0.07371
49.501,0.073899
49.526,0.075548
49.559,0.073154
49.589,0.07637
49.616,0.075081
49.647,0.073105
49.676,0.074084
49.715,0.073086
49.736,0.07369
49.769,0.07637
49.796,0.07314
49.83,0.078448
49.851,0.072864
49.89,0.073886
49.912,0.075519
49.946,0.075844
49.981,0.077024
50.009,0.076499
50.036,0.072772
50.066,0.076749
50.096,0.075754
50.124,0.073097
50.172,0.07635
50.18,0.073083
50.212,0.073083
50.246,0.074805
50.277,0.075064
50.306,0.076892
50.336,0.072804
50.367,0.073223
50.396,0.07881
50.431,0.075024
50.46,0.072748
50.495,0.07307
50.511,0.072789
50.545,0.075808
50.587,0.074192
50.614,0.074801
50.646,0.073507
50.666,0.083713
50.705,0.076778
50.73,0.078612
50.767,0.07281
50.786,0.072838
50.819,0.073506
50.841,0.07282
50.879,0.072789
50.901,0.073519
50.939,0.073108
50.971,0.072819
50.996,0.072875
51.026,0.072762
51.064,0.072835
51.083,0.075993
51.127,0.075774
51.165,0.072815
51.168,0.075231
51.202,0.072853
51.235,0.075613
51.268,0.077557
51.299,0.07359
51.326,0.074137
51.361,0.073335
51.386,0.075202
51.419,0.072717
51.45,0.07512
51.479,0.072827
51.499,0.073256
51.532,0.073468
51.567,0.074923
51.596,0.083113
51.629,0.078243
51.656,0.074935
51.689,0.078598
51.719,0.075484
51.749,0.080744
51.782,0.072815
51.804,0.074345
51.836,0.073309
51.879,0.072833
51.893,0.074635
51.93,0.074542
51.961,0.078306
51.986,0.077328
52.019,0.074287
52.047,0.073576
52.079,0.073537
52.106,0.073222
52.137,-0.01
52.174,-0.01
52.19,0.073052
52.226,0.075631
52.264,0.072852
52.29,0.073079
52.316,0.079086
52.349,0.075056
52.387,0.074251
52.414,0.073488
52.44,0.073534
52.47,0.073083
52.499,0.075138
52.53,0.075822
52.556,0.073202
52.595,0.076051
52.619,0.074849
52.646,0.07326
52.687,0.075423
52.71,0.076103
52.736,0.075673
52.77,0.073848
52.802,0.074931
52.821,0.074296
52.853,0.074865
52.894,0.077013
52.911,0.073336
52.95,0.073168
52.979,0.077679
53.014,0.07324
53.044,0.073185
53.072,0.077087
53.107,0.073719
53.127,0.073118
53.159,0.07485
53.194,0.074129
53.215,0.074477
53.249,0.073625
53.279,0.076165
53.302,0.072943
53.336,0.073395
53.362,-0.01
53.413,-0.01
53.436,0.074571
53.451,0.075379
53.482,0.076608
53.519,0.077235
53.541,0.073676
53.576,0.07357
53.617,0.074159
53.634,0.073369
53.671,0.073129
53.699,0.073632
53.737,0.073202
53.76,0.074554
53.798,0.073239
53.817,0.073269
53.842,0.073519
53.873,0.073429
53.901,0.075312
53.936,0.074317
53.969,0.073216
54.002,0.076878
54.029,0.073779
54.06,0.075231
54.094,0.073302
54.126,0.073211
54.14,0.075145
54.172,0.073384
54.206,0.076862
54.236,0.07341
54.266,0.073471
54.299,0.073458
54.329,0.076454
54.361,0.073832
54.39,0.073361
54.419,0.075994
54.455,0.073798
54.475,0.074006
54.509,0.073492
54.539,0.07529
54.57,0.073361
54.599,0.076971
54.626,0.073313
54.659,0.073125
54.706,0.073426
54.729,0.078813
54.75,0.073847
54.779,0.073182
54.806,0.07616
54.833,0.073319
54.864,0.073574
54.891,0.074196
54.932,0.074378
54.956,0.073035
54.99,0.073944
55.022,0.074453
55.056,0.07387
55.085,0.075734
55.109,0.08848
55.131,0.073262
55.162,0.072996
55.191,0.073327
55.222,0.073689
55.249,0.073368
55.285,0.073332
55.321,0.074377
55.347,0.073838
55.376,0.072982
55.403,0.072941
55.447,0.074362
55.46,0.075738
55.493,0.073387
55.521,0.072974
55.551,0.073983
55.579,0.073152
55.611,0.073451
55.649,0.073365
55.671,0.077576
55.707,0.076546
55.733,0.077366
55.769,0.07472
55.791,0.073581
55.826,0.07434
55.851,0.073259
55.883,0.073641
55.911,0.074152
55.941,0.073823
55.977,0.073311
56.014,0.073988
56.035,0.077378
56.074,0.075154
56.103,0.075655
56.12,0.074264
56.152,0.076133
56.189,0.075781
56.224,0.073423
56.249,0.073587
56.281,0.073466
56.306,0.073768
56.339,0.073884
56.371,0.073991
56.399,0.073175
56.429,0.073622
56.457,0.073857
56.483,0.073679
56.514,0.073352
56.554,0.073587
56.586,0.073444
56.623,-0.01
56.639,-0.01
56.669,0.073065
56.696,0.075119
56.726,0.073392
56.767,0.072978
56.782,0.073467
56.812,0.073141
56.845,0.073283
56.871,0.073971
56.91,0.073326
56.931,0.075225
56.971,0.073669
57.007,0.074071
57.029,0.074069
57.059,0.073265
57.095,0.073607
57.112,0.073898
57.142,0.076938
57.171,0.073705
57.205,0.07374
57.236,0.074171
57.266,0.073354
57.296,0.073669
57.338,0.074385
57.356,0.073592
57.387,0.07347
57.428,0.074159
57.441,0.076949
57.474,0.073798
57.501,0.073605
57.536,0.073745
57.562,0.074363
57.593,0.073511
57.632,0.078366
57.661,0.073797
57.692,0.073689
57.721,0.073833
57.765,0.074673
57.772,0.076292
57.807,0.073383
57.844,0.075114
57.867,0.075423
57.896,0.073858
57.921,0.073357
57.959,0.073788
57.991,0.076323
58.024,0.076161
58.049,0.073715
58.079,0.073462
58.101,0.073636
58.132,0.073522
58.162,0.074039
58.189,0.073409
58.221,0.075019
58.265,0.07425
58.297,0.073417
58.315,0.079122
58.349,0.073167
58.384,0.073456
58.406,0.074248
58.436,0.075569
58.485,0.073286
58.505,0.073496
58.528,0.073184
58.559,0.077278
58.586,0.073885
58.616,0.073524
58.662,0.074147
58.679,0.075419
58.715,0.073909
58.742,0.07465
58.762,0.073277
58.796,0.073506
58.819,0.073821
58.854,0.073223
58.889,0.073924
58.911,0.073475
58.95,0.0746
58.971,0.0773
59.013,0.076331
59.044,0.073227
59.078,0.074317
59.091,0.076637
59.128,0.076845
59.155,0.073116
59.185,0.075184
59.216,0.073882
59.25,0.074158
59.287,0.074843
59.31,0.073665
59.339,0.075667
59.382,0.073807
59.397,0.074806
59.426,0.076506
59.461,0.073203
59.483,0.073466
59.517,0.076732
59.541,0.073908
59.574,0.073627
59.606,0.074891
59.641,0.073943
59.666,0.073601
59.702,0.073175
59.745,0.075213
59.751,0.077348
59.782,0.073274
59.816,0.074928
59.838,0.074967
59.871,0.076007
59.912,0.073704
59.956,0.077379
59.981,-0.01
59.999,0.073616
60.026,0.074606
60.064,0.075359
60.09,0.073645
60.111,0.07346
60.149,0.078141
60.176,0.075437
60.213,0.079578
60.242,0.075519
60.266,0.073361
60.296,0.073412
60.327,0.077719
60.355,0.074099
60.385,0.07451
60.41,0.076342
60.449,0.074885
60.489,0.078437
60.511,0.073741
60.536,0.074626
60.566,0.073745
60.618,0.07336
60.626,0.074933
60.656,0.073391
60.705,0.07541
60.729,0.07372
60.875,0.077821
60.875,-0.01
60.875,-0.01
60.875,-0.01
60.875,-0.01
60.904,-0.01
60.94,0.073576
60.961,0.073677
60.993,0.073946
61.017,0.073277
61.045,0.075629
61.069,0.076016
61.102,0.07407
61.132,0.073327
61.167,0.076549
61.197,0.076713
61.222,0.073235
61.255,0.073293
61.282,0.075321
61.317,0.075356
61.347,0.075706
61.373,0.073239
61.407,0.073676
61.43,0.07428
61.462,0.074924
61.492,0.076255
61.527,0.076845
61.557,0.074254
61.586,0.073842
61.615,0.075272
61.643,0.073328
61.673,0.074287
61.697,0.074982
61.732,0.081242
61.77,0.073753
61.792,0.073724
61.828,0.07605
61.858,0.075687
61.887,0.075438
61.917,0.074407
61.945,0.074388
61.98,0.073312
62.013,0.073305
62.04,0.073276
62.059,0.075749
62.092,0.073807
62.122,0.076283
62.149,0.073273
62.182,0.077032
62.217,0.073415
62.242,0.073325
62.279,0.075952
62.314,0.073295
62.341,0.07468
62.37,0.074715
62.389,0.073692
62.429,0.075701
62.456,0.075806
62.479,0.073659
62.517,0.074166
62.542,0.073401
62.576,0.073631
62.607,0.07334
62.638,0.075952
62.68,0.075136
62.708,0.075388
62.719,0.075725
62.768,0.074131
62.808,0.075463
62.813,0.075715
62.843,0.074473
62.873,0.07567
62.907,0.073762
62.932,0.073381
62.972,0.076147
62.997,0.074066
63.022,0.076181
63.067,0.076417
63.079,0.073514
63.116,0.07479
63.142,0.073754
63.181,0.074785
63.205,0.074054
63.232,0.073372
63.262,-0.01
63.291,-0.01
63.325,-0.01
63.356,0.075726
63.379,0.07382
63.417,0.077772
63.442,0.07407
63.474,0.074766
63.502,0.077468
63.535,0.074444
63.567,0.076142
63.597,0.073789
63.631,0.073881
63.654,-0.01
63.693,-0.01
63.721,0.080903
63.747,0.073738
63.776,0.07826
63.811,0.07592
63.836,0.075203
63.869,0.07484
63.894,0.074885
63.929,0.075799
63.951,0.073426
63.996,0.073823
64.016,0.073711
64.046,0.077102
64.081,0.074187
64.103,0.075127
64.143,0.080266
64.167,0.078128
64.192,0.073949
64.233,0.0804
64.255,0.075852
64.292,0.073776
64.317,0.074719
64.356,0.076309
64.372,0.075712
64.405,0.075357
64.429,0.074331
64.474,0.076387
64.492,0.075449
64.523,0.07348
64.561,0.075247
64.595,0.074789
64.626,0.074075
64.644,0.074083
64.672,0.074818
64.7,0.076421
64.729,0.073491
64.763,0.074472
64.797,0.075479
64.82,0.07445
64.857,0.075514
64.887,0.074139
64.917,0.074002
64.945,0.075699
64.975,0.07447
65.002,0.07349
65.03,0.077194
65.059,0.074496
65.092,0.075043
65.122,0.078938
65.152,0.076555
65.182,0.074226
65.22,0.0765
65.247,0.078855
65.277,0.075246
65.307,0.078263
65.333,0.082507
65.359,0.075821
65.39,0.078121
65.422,0.08264
65.457,0.083086
65.481,0.073484
65.515,0.083331
65.542,0.076346
65.57,0.0837
65.607,0.080268
65.632,0.074464
65.662,0.077305
65.69,0.07797
65.719,0.081788
65.765,-0.01
65.785,0.079856
65.81,0.083655
65.842,0.081255
65.872,0.076079
65.902,-0.01
65.94,-0.01
