23884764.575828	100.000000
23884764.623322	100.000000
23884764.633207	0.074567
23884764.662835	0.070435
23884764.693198	0.073388
23884764.718741	0.070402
23884764.756070	0.070738
23884764.784163	0.070659
23884764.816264	0.070339
23884764.842190	0.073230
23884764.872780	0.070796
23884764.912816	0.075833
23884764.944356	0.070414
23884764.960824	0.073515
23884764.993260	0.073179
23884765.024061	0.073438
23884765.053958	0.071598
23884765.087759	0.070672
23884765.113480	0.072284
23884765.146480	0.074240
23884765.176065	0.073143
23884765.206373	0.072155
23884765.236280	0.070443
23884765.271197	0.070845
23884765.295853	0.071913
23884765.321234	0.073417
23884765.351736	0.072815
23884765.382747	0.071262
23884765.420055	0.070815
23884765.448232	0.071689
23884765.476101	0.072359
23884765.506322	0.070551
23884765.536027	0.070497
23884765.565964	0.070836
23884765.595952	0.071041
23884765.631140	0.070614
23884765.653041	0.070307
23884765.691259	0.070337
23884765.709870	0.070493
23884765.748019	0.070651
23884765.773195	0.070664
23884765.803345	0.070703
23884765.844245	0.070316
23884765.863142	0.070978
23884765.895909	0.072420
23884765.936318	0.070805
23884765.956104	0.070721
23884765.981499	0.070743
23884766.013771	0.070725
23884766.054626	0.071008
23884766.072839	0.071344
23884766.102782	0.071247
23884766.135811	0.071383
23884766.165763	0.070343
23884766.202848	0.070261
23884766.226353	0.070164
23884766.260602	0.070963
23884766.295986	0.070750
23884766.311301	0.070374
23884766.343051	0.070889
23884766.373117	0.071058
23884766.399896	0.070654
23884766.433478	0.072574
23884766.466264	0.073102
23884766.496089	0.071245
23884766.523399	0.074608
23884766.553400	0.072615
23884766.591187	0.074824
23884766.613244	0.070914
23884766.640977	0.071893
23884766.670215	0.072601
23884766.703221	0.070525
23884766.728157	0.073409
23884766.761626	0.070439
23884766.806160	0.071331
23884766.834288	0.070728
23884766.856572	0.071389
23884766.886438	0.070933
23884766.914994	0.070648
23884766.956021	0.071018
23884766.970955	0.070482
23884767.003274	0.071134
23884767.036192	0.071034
23884767.071263	0.074745
23884767.093064	0.070612
23884767.134569	0.071075
23884767.153348	0.075037
23884767.186477	0.074350
23884767.216371	0.071459
23884767.236070	0.070391
23884767.272893	0.076949
23884767.304531	0.072462
23884767.342055	0.073724
23884767.366148	0.079411
23884767.401651	0.070533
23884767.426633	0.070856
23884767.466214	0.071948
23884767.484064	0.071458
23884767.529110	0.074556
23884767.554556	0.073801
23884767.573354	0.070897
23884767.616106	0.071358
23884767.640942	0.070881
23884767.664071	0.071091
23884767.696192	0.070921
23884767.720893	0.070467
23884767.754394	0.070441
23884767.783156	0.070850
23884767.818029	0.070464
23884767.846335	0.071847
23884767.882851	0.070489
23884767.921761	0.073237
23884767.933325	0.072264
23884767.962269	0.071036
23884767.989842	0.072984
23884768.029183	0.070904
23884768.053274	0.070541
23884768.084273	0.071636
23884768.119538	0.071241
23884768.148025	0.071092
23884768.176377	0.071063
23884768.207455	0.070694
23884768.244176	0.071392
23884768.267918	0.071033
23884768.291082	0.071615
23884768.331535	0.072941
23884768.361025	0.071480
23884768.394264	0.072854
23884768.416182	0.070742
23884768.443152	0.074721
23884768.475763	0.070433
23884768.508216	0.070850
23884768.536606	0.070451
23884768.571195	0.071421
23884768.608025	0.072319
23884768.623569	0.074428
23884768.653201	0.072560
23884768.681821	0.070832
23884768.710354	0.071129
23884768.738786	0.071427
23884768.768284	0.070906
23884768.802851	0.070538
23884768.841329	0.070827
23884768.871301	0.070464
23884768.896418	0.072635
23884768.918177	0.072008
23884768.951923	0.075322
23884768.983284	0.070830
23884769.015931	0.070790
23884769.040274	0.070520
23884769.073275	0.070477
23884769.104214	0.070904
23884769.135877	0.070480
23884769.163523	0.070469
23884769.204186	0.070557
23884769.227953	0.070818
23884769.253352	0.070966
23884769.291103	0.077898
23884769.309837	0.070841
23884769.337952	0.070993
23884769.367847	0.070479
23884769.414202	0.070474
23884769.436135	0.070435
23884769.466269	0.073245
23884769.495998	0.070913
23884769.534439	0.071970
23884769.561087	0.070424
23884769.579197	0.070894
23884769.611239	0.071342
23884769.636231	0.071197
23884769.668167	0.073557
23884769.703313	0.070512
23884769.733349	0.071012
23884769.759966	0.075504
23884769.793209	0.070542
23884769.823073	0.071217
23884769.855470	0.072138
23884769.876005	0.072525
23884769.913184	0.070893
23884769.951390	0.075451
23884769.970411	0.070669
23884770.006983	0.074304
23884770.028769	0.070578
23884770.066402	0.075841
23884770.093416	0.081016
23884770.124026	0.070508
23884770.164221	0.072975
23884770.183691	0.070901
23884770.218115	0.073224
23884770.243463	0.073047
23884770.271373	0.071625
23884770.298205	0.070700
23884770.333425	0.070562
23884770.366629	0.070505
23884770.389990	0.070570
23884770.439595	0.075340
23884770.448108	0.072846
23884770.491386	0.070541
23884770.516451	0.070510
23884770.538745	0.073205
23884770.583812	0.070858
23884770.596568	0.074139
23884770.633193	0.075117
23884770.668746	0.073299
23884770.695820	0.073665
23884770.725959	100.000000
23884770.753386	100.000000
23884770.786480	0.070613
23884770.809906	0.071242
23884770.854327	0.070608
23884770.878353	0.070516
23884770.911203	0.074021
23884770.931556	0.071012
23884770.963392	0.070992
23884770.993244	0.071478
23884771.021625	0.070597
23884771.061155	0.070490
23884771.085830	0.071952
23884771.115879	0.070526
23884771.146385	0.070951
23884771.178100	0.070595
23884771.211023	0.071555
23884771.233253	0.070656
23884771.261130	0.070596
23884771.291305	0.070942
23884771.318288	0.070658
23884771.353400	0.070920
23884771.378175	0.072967
23884771.415125	0.076661
23884771.438152	0.082956
23884771.483262	0.082822
23884771.507843	0.070965
23884771.532996	0.073295
23884771.565901	0.081953
23884771.590453	0.074844
23884771.627745	0.070704
23884771.656670	0.073803
23884771.685109	0.070531
23884771.713175	0.075874
23884771.746420	0.074180
23884771.785950	0.073148
23884771.810956	0.070918
23884771.840173	0.070548
23884771.883959	0.086377
23884771.893454	0.071298
23884771.922174	0.071278
23884771.954311	0.072992
23884771.986342	0.070625
23884772.013401	0.073046
23884772.046365	0.077083
23884772.067867	0.070991
23884772.100524	0.070667
23884772.136591	0.074247
23884772.166342	0.070640
23884772.203364	0.071024
23884772.231447	0.071048
23884772.253364	0.074114
23884772.286212	0.074617
23884772.310047	0.070636
23884772.354557	0.071374
23884772.381316	0.070740
23884772.403548	0.075963
23884772.435945	0.076904
23884772.470948	0.071931
23884772.493392	0.072251
23884772.528329	0.072339
23884772.553257	0.071003
23884772.584490	0.074484
23884772.610383	0.070752
23884772.641167	0.073478
23884772.677861	0.071678
23884772.707918	0.070698
23884772.736056	0.076701
23884772.763690	0.071041
23884772.796316	0.073400
23884772.834275	0.070691
23884772.866500	0.070634
23884772.877953	0.070772
23884772.920957	0.076987
23884772.962505	100.000000
23884772.966583	0.075469
23884773.001900	0.079475
23884773.033099	0.070662
23884773.066280	0.071688
23884773.096618	0.074266
23884773.131332	0.077501
23884773.156262	0.073351
23884773.176157	0.071360
23884773.208399	0.073747
23884773.243316	0.072748
23884773.274468	0.073746
23884773.299848	0.071349
23884773.331920	0.070599
23884773.363113	100.000000
23884773.396204	100.000000
23884773.423124	0.070613
23884773.456121	0.070728
23884773.491087	0.073435
23884773.520781	0.073526
23884773.551123	0.070879
23884773.574443	0.070783
23884773.606488	0.075878
23884773.631050	0.073905
23884773.662998	0.070838
23884773.688176	0.073233
23884773.726312	0.070933
23884773.762015	0.073306
23884773.791591	0.072014
23884773.820298	0.073282
23884773.834945	0.078344
23884773.873324	0.070810
23884773.901552	0.071375
23884773.929959	100.000000
23884773.963982	100.000000
23884773.994379	100.000000
23884774.030926	0.070789
23884774.063867	0.070838
23884774.086295	0.070826
23884774.115878	0.070807
23884774.152512	0.072269
23884774.186305	0.072755
23884774.211464	0.071316
23884774.232179	0.072924
23884774.263493	0.071357
23884774.288906	0.073834
23884774.328254	0.073479
23884774.353070	0.072591
23884774.391331	0.076112
23884774.418267	0.071492
23884774.441503	0.071079
23884774.481502	0.072969
23884774.511192	0.073166
23884774.549587	0.071007
23884774.561461	0.071406
23884774.593401	0.073780
23884774.631378	0.071783
23884774.650291	0.071004
23884774.685930	0.070878
23884774.721015	0.071250
23884774.756383	0.070827
23884774.776563	0.071576
23884774.811446	0.070910
23884774.828008	0.072879
23884774.876542	0.070945
23884774.888039	0.071183
23884774.931453	0.074586
23884774.952917	0.073962
23884774.983432	0.072282
23884775.013379	0.071608
23884775.051480	0.073753
23884775.076584	0.073121
23884775.106222	0.071276
23884775.146180	0.070970
23884775.171411	0.074404
23884775.201369	0.071114
23884775.231327	0.071862
23884775.254219	0.073044
23884775.285928	0.074883
23884775.313358	0.072080
23884775.343321	0.071071
23884775.376497	0.075564
23884775.406484	0.073152
23884775.443660	0.073579
23884775.473065	0.078929
23884775.496637	0.074862
23884775.526770	0.071181
23884775.553340	0.075755
23884775.583414	0.074163
23884775.608259	0.084307
23884775.640060	0.078765
23884775.678311	0.072122
23884775.697248	0.071073
23884775.729449	0.074347
23884775.765898	0.072266
23884775.800933	0.070954
23884775.818024	0.073978
23884775.848856	0.073957
23884775.899450	0.071945
23884775.908303	0.073592
23884775.954345	0.073347
23884775.978134	0.071234
23884776.006119	0.072211
23884776.034918	0.072200
23884776.074656	0.071359
23884776.100995	0.071108
23884776.132301	0.071251
23884776.145352	0.073279
23884776.183194	0.070833
23884776.213165	0.072232
23884776.240454	0.070805
23884776.275989	100.000000
23884776.304981	0.070774
23884776.334488	0.071010
23884776.374369	0.074499
23884776.396456	0.071519
23884776.426422	0.071447
23884776.458165	0.071079
23884776.484279	0.075107
23884776.509150	0.071914
23884776.549417	0.072232
23884776.581377	0.071528
23884776.606192	0.074919
23884776.633037	0.070788
23884776.663356	0.071454
23884776.696945	0.074490
23884776.720262	100.000000
23884776.763816	100.000000
23884776.791318	0.070774
23884776.816849	0.071888
23884776.843291	0.070903
23884776.872951	0.077146
23884776.900289	0.070982
23884776.935914	0.073713
23884776.963309	0.074876
23884776.988306	0.073520
23884777.031263	0.072882
23884777.061441	0.072979
23884777.088580	0.071568
23884777.116506	0.073834
23884777.171699	0.071466
23884777.178064	0.071200
23884777.209694	0.078152
23884777.233147	0.071299
23884777.271230	0.071268
23884777.290366	0.071224
23884777.323573	0.071311
23884777.358490	0.072443
23884777.383076	0.073070
23884777.416347	0.071225
23884777.445142	0.072505
23884777.484571	0.073248
23884777.503228	0.070974
23884777.540424	0.071014
23884777.559955	0.071201
23884777.596030	0.071396
23884777.626277	0.071506
23884777.653136	0.071184
23884777.694200	0.073889
23884777.716144	0.070980
23884777.746230	0.071561
23884777.784513	0.071173
23884777.795284	0.070961
23884777.833526	0.070840
23884777.862260	0.070841
23884777.890388	0.071149
23884777.919062	0.071096
23884777.947243	0.071524
23884777.988367	0.071249
23884778.018032	0.073156
23884778.045392	0.070901
23884778.074967	0.071844
23884778.103194	0.071259
23884778.125085	0.070883
23884778.158478	0.071278
23884778.192046	0.070854
23884778.222973	0.071312
23884778.249604	0.075734
23884778.280105	0.071311
23884778.318379	0.070921
23884778.343305	0.071627
23884778.375699	0.070975
23884778.399944	0.071068
23884778.432369	0.072318
23884778.455448	0.073002
23884778.503357	0.071011
23884778.522677	0.070980
23884778.554064	0.076491
23884778.580457	0.073641
23884778.608513	0.070925
23884778.648709	0.070985
23884778.668488	0.071243
23884778.705701	0.070920
23884778.738598	0.071504
23884778.763266	0.071270
23884778.785318	0.071339
23884778.823202	0.070971
23884778.860798	0.071316
23884778.891185	0.077790
23884778.913259	0.074350
23884778.938280	0.072292
23884778.973432	0.077447
23884779.008179	0.071705
23884779.044315	0.071341
23884779.065024	0.071735
23884779.104463	0.076404
23884779.118324	0.077069
23884779.148890	0.071298
23884779.183186	0.071265
23884779.214199	0.070935
23884779.248097	0.073729
23884779.271367	0.071023
23884779.313506	0.072726
23884779.337875	0.073641
23884779.363783	0.071045
23884779.402047	0.071336
23884779.427996	0.070973
23884779.448102	0.074405
23884779.488652	0.071181
23884779.508419	0.071877
23884779.551378	0.071701
23884779.573405	0.071539
23884779.604531	0.071484
23884779.633966	0.071326
23884779.663299	0.079315
23884779.691945	0.075391
23884779.734182	0.071596
23884779.758570	0.071261
23884779.783285	0.074287
23884779.809312	0.071325
23884779.841616	0.071926
23884779.874449	0.073387
23884779.913913	0.071611
23884779.931087	0.071323
23884779.963807	0.071209
23884779.993348	0.077118
23884780.026064	0.076962
23884780.053276	0.071274
23884780.094499	0.075106
23884780.124452	0.073201
23884780.160037	0.071112
23884780.171036	0.071647
23884780.203637	0.071269
23884780.233017	0.072086
23884780.260044	0.071990
23884780.293229	0.071179
23884780.323482	0.071606
23884780.353112	0.071330
23884780.391629	0.071534
23884780.421526	0.071315
23884780.435062	0.071476
23884780.484585	0.071243
23884780.506356	0.073019
23884780.533578	0.073577
23884780.564046	0.071330
23884780.604313	100.000000
23884780.634852	0.073666
23884780.656389	0.071406
23884780.694332	0.071181
23884780.724177	0.071884
23884780.751319	0.073779
23884780.765325	0.077068
23884780.804295	0.072479
23884780.840825	0.071387
23884780.866284	0.071044
23884780.897475	0.071406
23884780.924446	0.072408
23884780.956416	0.073819
23884780.983333	0.071539
23884781.013311	0.071019
23884781.046491	0.071484
23884781.078152	0.071456
23884781.095507	0.075109
23884781.141271	0.073209
23884781.170877	0.073490
23884781.201510	0.071450
23884781.224120	0.074576
23884781.256522	0.072928
23884781.288603	0.071051
23884781.313380	0.071319
23884781.345528	0.071078
23884781.370717	0.071117
23884781.402472	100.000000
23884781.429715	100.000000
23884781.459335	0.071192
23884781.486229	0.071076
23884781.516436	0.071154
23884781.564860	0.071527
23884781.585874	0.071353
23884781.616361	0.071467
23884781.646482	0.073459
23884781.675953	0.071300
23884781.706140	0.071131
23884781.744798	0.071231
23884781.758410	0.071319
23884781.809338	0.071577
23884781.818258	0.071197
23884781.853200	0.071149
23884781.896273	0.071303
23884781.913080	0.082861
23884781.943347	0.071271
23884781.974862	0.071345
23884782.003092	0.071285
23884782.033434	0.071766
23884782.066562	0.071424
23884782.085396	0.071553
23884782.123949	0.072126
23884782.153479	0.072807
23884782.191383	0.073669
23884782.218216	0.071428
23884782.243443	0.071319
23884782.275308	0.073822
23884782.303310	0.071842
23884782.336390	0.071821
23884782.359031	0.071253
23884782.396262	0.071230
23884782.415513	0.071820
23884782.461949	0.071606
23884782.483262	0.071706
23884782.514994	0.071389
23884782.540117	0.071659
23884782.576070	0.071751
23884782.598309	0.071507
23884782.629380	0.071591
23884782.674082	0.071294
23884782.704695	0.071690
23884782.734694	0.071844
23884782.748054	0.071618
23884782.783019	0.071718
23884782.808355	0.072713
23884782.839032	0.072746
23884782.868486	0.072394
23884782.898420	0.071518
23884782.948061	0.071412
23884782.960412	100.000000
23884782.990096	100.000000
23884783.041709	0.081259
23884783.056187	0.084395
23884783.075592	100.000000
23884783.123797	0.071906
23884783.143293	0.071465
23884783.173293	0.071813
23884783.203158	0.074171
23884783.230521	0.079438
23884783.266530	0.075589
23884783.293419	0.072213
23884783.330939	0.072575
23884783.351537	0.071776
23884783.386617	0.073226
23884783.406659	0.071231
23884783.446387	0.071954
23884783.481309	0.073158
23884783.503434	0.072637
23884783.536740	0.071952
23884783.563084	0.071160
23884783.593395	0.075087
23884783.619015	0.071656
23884783.648178	0.071560
23884783.687004	0.075621
23884783.716568	0.071217
23884783.751962	0.073392
23884783.773278	0.073502
23884783.803718	0.074010
23884783.842366	0.071647
23884783.858186	0.074756
23884783.896304	0.078892
23884783.928435	100.000000
23884783.956503	100.000000
23884783.988526	0.074093
23884784.015269	0.071301
23884784.061413	0.071641
23884784.086181	0.071470
23884784.115641	0.071774
23884784.147663	0.071290
23884784.164300	0.071403
23884784.197360	0.075439
23884784.221149	0.071350
23884784.262121	0.077680
23884784.284043	0.071409
23884784.320256	0.076083
23884784.347533	0.073089
23884784.377539	0.071255
23884784.414385	0.071812
23884784.437979	0.071754
23884784.461671	0.071606
23884784.502482	0.075769
23884784.519923	0.071648
23884784.554407	100.000000
23884784.579589	100.000000
23884784.611233	0.072242
23884784.639573	0.071649
23884784.669005	0.071342
23884784.720139	0.075334
23884784.726030	0.077494
23884784.766588	0.072130
23884784.805957	0.074004
23884784.823496	0.071755
23884784.865188	0.075780
23884784.880348	0.071398
23884784.919323	0.073310
23884784.938913	0.071392
23884784.977703	0.073288
23884785.004072	0.073389
23884785.042455	0.074608
23884785.055437	0.072024
23884785.099557	0.072364
23884785.122067	0.072343
23884785.157440	0.071555
23884785.184237	0.080829
23884785.214522	0.071309
23884785.239123	0.071685
23884785.282444	0.072801
23884785.296371	100.000000
23884785.334207	100.000000
23884785.367316	0.074950
23884785.385048	0.073624
23884785.419232	0.071289
23884785.451669	0.071603
23884785.479289	0.073627
23884785.522094	0.074370
23884785.539400	0.071290
23884785.582424	0.073746
23884785.609457	0.072025
23884785.642570	0.071247
23884785.666388	0.072022
23884785.694397	0.071263
23884785.719302	0.077572
23884785.748933	0.071269
23884785.784328	0.071328
23884785.809272	0.074642
23884785.844134	0.071318
23884785.882930	0.071249
23884785.904426	0.073814
23884785.935628	0.071708
23884785.967078	0.071281
23884785.997776	0.071298
23884786.027576	0.071346
23884786.049420	0.071368
23884786.079408	0.072956
23884786.109393	0.073744
23884786.152248	0.074666
23884786.169516	0.074448
23884786.209869	0.072391
23884786.234038	0.076177
23884786.264371	0.071838
23884786.293977	0.073562
23884786.335482	0.071995
23884786.357400	0.071619
23884786.375144	0.071539
23884786.412461	0.071805
23884786.439462	0.072128
23884786.470108	0.071403
23884786.499774	0.074894
23884786.534412	0.071672
23884786.567654	0.071393
23884786.599620	0.074065
23884786.627644	0.073819
23884786.659420	0.072148
23884786.689287	0.073383
23884786.705475	100.000000
23884786.745590	100.000000
23884786.769106	0.071328
23884786.802026	0.072946
23884786.829307	0.073723
23884786.864476	0.072613
23884786.903253	0.071486
23884786.919235	0.076735
23884786.957488	0.071376
23884786.992109	0.072035
23884787.019471	0.072815
23884787.034991	0.076197
23884787.076184	0.072027
23884787.104210	0.073743
23884787.133473	0.072006
23884787.162834	0.075138
23884787.192617	0.082504
23884787.227311	0.073407
23884787.254420	0.073844
23884787.278455	0.072097
23884787.324360	0.072181
23884787.355190	0.072809
23884787.366715	0.074933
23884787.402380	0.072093
23884787.437214	0.071464
23884787.460414	0.071479
23884787.492121	0.074377
23884787.524080	0.072168
23884787.554583	0.071402
23884787.579404	0.071393
23884787.617361	0.073701
23884787.657342	0.071409
23884787.677848	0.074455
23884787.695056	0.071788
23884787.734470	0.071485
23884787.770267	0.072232
23884787.802510	0.077280
23884787.822475	0.075659
23884787.855189	0.072093
23884787.893165	0.073114
23884787.909433	0.071751
23884787.944008	0.071423
23884787.985595	0.072078
23884788.007478	0.072136
23884788.025092	0.073776
23884788.075096	0.073198
23884788.093473	0.073747
23884788.122464	0.073477
23884788.157300	0.071942
23884788.187452	0.072149
23884788.214467	0.071862
23884788.242647	0.072839
23884788.279083	0.073114
23884788.309472	0.072432
23884788.329046	0.071412
23884788.370467	0.083653
23884788.389363	0.071952
23884788.422216	0.071408
23884788.454425	0.076497
23884788.484036	0.072109
23884788.515708	0.071384
23884788.544275	0.071920
23884788.574234	0.077573
23884788.610270	0.071414
23884788.642518	0.071441
23884788.667337	0.074147
23884788.685191	0.072524
23884788.734852	0.071471
23884788.752430	0.071538
23884788.784527	0.073517
23884788.810184	0.074978
23884788.841531	0.074898
23884788.882267	0.071590
23884788.909311	0.077550
23884788.937575	0.073979
23884788.964075	0.072130
23884788.997776	0.072586
23884789.015240	0.073922
23884789.062286	0.071429
23884789.079014	0.073942
23884789.114538	0.074470
23884789.144524	0.074481
23884789.171005	0.071732
23884789.199254	0.071429
23884789.229551	0.072464
23884789.264370	0.073506
23884789.292263	0.072030
23884789.332284	0.073697
23884789.346039	0.071719
23884789.379031	0.072260
23884789.409487	0.071404
23884789.439201	0.073167
23884789.466141	0.074462
23884789.502298	0.072477
23884789.539482	0.073225
23884789.564344	0.072139
23884789.602431	0.072588
23884789.621506	0.072192
23884789.665223	0.073549
23884789.679405	0.074258
23884789.708629	0.071633
23884789.739018	0.071519
23884789.770567	0.073929
23884789.807248	0.075854
23884789.829449	0.072377
23884789.867468	0.071579
23884789.894487	0.072250
23884789.927390	0.071456
23884789.951471	0.074483
23884789.987820	0.073659
23884790.005311	0.074076
23884790.038344	0.071565
23884790.077809	0.073946
23884790.104442	0.071605
23884790.137183	0.074670
23884790.164340	0.072549
23884790.194488	0.071903
23884790.235596	0.071553
23884790.254148	0.075036
23884790.292294	0.072294
23884790.322361	0.073239
23884790.335213	0.071957
23884790.369555	0.071590
23884790.402307	0.071480
23884790.429033	0.074500
23884790.459460	0.072673
23884790.499216	0.071497
23884790.532167	0.073662
23884790.557088	0.071974
23884790.597334	0.084014
23884790.617191	0.071607
23884790.652652	0.072663
23884790.665888	0.072065
23884790.699722	0.071946
23884790.731385	0.071654
23884790.758981	0.073987
23884790.795195	0.074603
23884790.829390	0.073270
23884790.854427	0.071999
23884790.874971	100.000000
23884790.912372	100.000000
23884790.944066	0.072680
23884790.969304	0.071880
23884790.995006	0.071978
23884791.029018	0.071734
23884791.062220	0.073058
23884791.086369	0.071916
23884791.122576	0.076876
23884791.157916	0.077811
23884791.190243	0.074640
23884791.212363	100.000000
23884791.247527	0.071981
23884791.282757	0.072515
23884791.299391	0.073060
23884791.325506	0.071873
23884791.359544	0.072216
23884791.392165	0.072924
23884791.422958	0.071640
23884791.454365	0.074479
23884791.480052	0.072601
23884791.512013	0.073161
23884791.544226	0.073943
23884791.574141	0.071662
23884791.612347	0.071961
23884791.642827	0.071846
23884791.659965	0.071522
23884791.707573	0.071946
23884791.717195	0.071581
23884791.754219	0.073284
23884791.792535	0.074387
23884791.810217	0.071507
23884791.844395	0.071479
23884791.877496	0.071541
23884791.909533	0.072353
23884791.940765	0.071612
23884791.967991	0.071711
23884791.996374	0.072577
23884792.019331	0.072610
23884792.046039	0.072242
23884792.079536	0.079722
23884792.125598	0.073411
23884792.149134	0.071568
23884792.177899	0.076688
23884792.206360	0.072123
23884792.234317	0.073950
23884792.270826	0.072009
23884792.299173	0.072054
23884792.319158	0.074141
23884792.348276	0.071830
23884792.376249	0.072035
23884792.408994	0.073024
23884792.447337	100.000000
23884792.475906	100.000000
23884792.507251	0.073805
23884792.537464	0.074228
23884792.572317	0.074106
23884792.597368	0.071787
23884792.622459	0.071787
23884792.649598	0.072548
23884792.678513	0.072059
23884792.714198	0.074800
23884792.744589	0.072147
23884792.772163	0.071936
23884792.809503	0.078992
23884792.840822	0.073828
23884792.875292	0.074994
23884792.902684	0.074374
23884792.944065	0.072024
23884792.965778	0.071644
23884792.979549	0.075340
23884793.017993	0.072033
23884793.039131	0.071600
23884793.075055	0.073388
23884793.096524	0.072143
23884793.140685	0.072480
23884793.169173	0.071644
23884793.202612	0.074101
23884793.219482	0.072112
23884793.259584	0.080548
23884793.287666	0.075832
23884793.305860	0.071760
23884793.344609	0.071710
23884793.417760	0.075054
23884793.421512	0.073734
23884793.445528	0.076190
23884793.465448	0.071783
23884793.491121	0.071711
23884793.526029	0.075057
23884793.560754	0.071768
23884793.586574	0.071769
23884793.617358	0.071802
23884793.635156	0.072237
23884793.682362	0.072373
23884793.704502	0.072193
23884793.734255	0.079341
23884793.775565	0.074381
23884793.795079	0.077659
23884793.832810	0.077260
23884793.855522	0.077880
23884793.885669	0.075450
23884793.923863	0.072315
23884793.947176	0.074019
23884793.972129	0.077374
23884794.007968	0.076151
23884794.027513	0.071771
23884794.062387	0.079208
23884794.103870	0.075595
23884794.122569	0.074169
23884794.171056	0.072111
23884794.187550	0.072027
23884794.217510	0.081857
23884794.267011	0.088396
23884794.282577	0.077416
23884794.297430	0.074943
23884794.333552	0.072008
23884794.370954	0.073711
23884794.392058	0.072840
23884794.425294	0.072997
23884794.449247	0.073057
23884794.477297	100.000000
23884794.515113	100.000000
23884794.545757	0.072548
23884794.583456	0.073526
23884794.612091	0.072287
23884794.632379	0.074575
23884794.666576	0.072136
23884794.692101	0.072757
23884794.722560	0.072304
23884794.755692	0.074439
23884794.783736	0.071937
23884794.810686	0.072373
23884794.853755	0.081421
23884794.875969	0.073946
23884794.905487	0.072421
23884794.943365	0.072074
23884794.970448	0.071951
23884794.988410	0.072019
23884795.022043	0.072770
23884795.047199	0.072073
23884795.079034	0.072412
23884795.107019	0.072016
23884795.143698	0.076961
23884795.178612	0.072232
23884795.218740	0.076878
23884795.243441	0.075409
23884795.278411	0.072931
23884795.287210	0.074633
23884795.322558	0.072181
23884795.362514	0.074615
23884795.382434	0.076714
23884795.412058	0.072845
23884795.445419	0.078936
23884795.473527	0.074348
23884795.508606	0.072702
23884795.539548	0.080742
23884795.559097	0.073434
23884795.595020	0.082037
23884795.617624	0.074869
23884795.648527	0.079189
23884795.684571	0.078394
23884795.707521	0.074447
23884795.750100	0.075583
23884795.783476	0.073915
23884795.802087	0.074197
23884795.838713	100.000000
23884795.878359	0.079731
23884795.903583	0.074290
23884795.927421	0.072532
23884795.962517	0.072112
23884795.978641	0.071930
23884796.011004	0.073383
23884796.039417	0.073639
23884796.069300	0.073865
23884796.103572	0.072009
23884796.127141	0.072107
23884796.162079	0.072868
23884796.195118	0.072149
23884796.219762	0.074094
23884796.252425	0.074136
23884796.277512	0.077119
23884796.308372	0.072770
23884796.342313	0.072922
23884796.373522	0.076172
23884796.402430	0.072861
23884796.431476	0.071955
23884796.464594	0.072572
23884796.488448	0.072454
23884796.529350	0.072528
23884796.555555	0.072093
23884796.579496	100.000000
23884796.612454	100.000000
23884796.637293	0.081621
23884796.669357	0.072444
23884796.697534	0.073061
23884796.727126	0.073297
23884796.765354	0.073020
23884796.795236	0.072221
23884796.825476	0.072190
23884796.855083	0.075572
23884796.883607	0.072477
23884796.915596	0.073535
23884796.935173	0.071943
23884796.969526	0.071912
23884797.013269	0.072526
23884797.032144	0.074277
23884797.065470	0.072689
23884797.097608	0.071881
23884797.123466	0.071865
23884797.154090	0.072912
23884797.182501	0.071826
23884797.213292	0.072877
23884797.253708	0.072939
23884797.267486	0.072634
23884797.298513	0.072327
23884797.327235	0.072250
23884797.357629	0.071891
23884797.404123	0.072486
23884797.427272	0.073891
23884797.460476	0.071885
23884797.485438	0.071855
23884797.517158	0.078671
23884797.553383	0.071870
23884797.577605	0.073550
23884797.595536	0.074327
23884797.628537	0.071947
23884797.670292	0.071830
23884797.687318	0.074645
23884797.722331	0.072581
23884797.752321	0.072254
23884797.788028	0.072885
23884797.812558	0.071950
23884797.844358	0.074239
23884797.870591	0.075286
23884797.902428	0.083576
23884797.935512	0.079773
23884797.957452	0.077333
23884797.995423	0.076216
23884798.022469	0.072575
23884798.052546	0.074957
23884798.079281	0.071908
23884798.117619	0.073908
23884798.145741	0.076651
23884798.174725	0.071986
23884798.202416	0.074326
23884798.243653	0.074362
23884798.257563	0.071944
23884798.288402	0.071877
23884798.322443	0.074270
23884798.355486	0.074632
23884798.385468	0.072620
23884798.412082	0.071959
23884798.442553	0.072340
23884798.475046	0.072516
23884798.499448	0.074681
23884798.540459	0.076776
23884798.573435	0.071942
23884798.593661	0.074688
23884798.625350	0.072347
23884798.652203	0.075588
23884798.682356	0.074278
23884798.715150	0.072285
23884798.751150	0.072301
23884798.783368	0.075437
23884798.794259	0.074431
23884798.835571	0.074051
23884798.867353	0.073599
23884798.900924	0.074290
23884798.917053	0.075730
23884798.948443	0.072977
23884798.982143	0.072637
23884799.012282	0.076771
23884799.041950	0.077089
23884799.075494	0.072243
23884799.097480	0.072338
23884799.137231	0.072073
23884799.165444	0.072310
23884799.195489	0.073038
23884799.227729	0.072033
23884799.247418	100.000000
23884799.278547	100.000000
23884799.304604	0.072310
23884799.342430	0.071965
23884799.377170	0.075198
23884799.399457	0.072091
23884799.455561	0.072067
23884799.473737	100.000000
23884799.500491	100.000000
23884799.533354	0.073378
23884799.557406	0.073053
23884799.577815	0.072326
23884799.608770	0.076729
23884799.637223	0.073123
23884799.697472	0.078157
23884799.703158	0.072368
23884799.731478	0.072031
23884799.774922	0.071894
23884799.796645	0.072461
23884799.835659	0.074127
23884799.864183	0.072668
23884799.889379	0.071970
23884799.920446	0.074108
23884799.938499	0.073023
23884799.980276	0.072149
23884800.002526	0.074027
23884800.038536	0.072669
23884800.067024	0.077417
23884800.098685	0.074277
23884800.125325	0.072242
23884800.159373	0.071939
23884800.190541	0.072611
23884800.236646	0.074288
23884800.250194	0.075102
23884800.268464	0.077318
23884800.302276	0.072161
23884800.334445	0.072213
23884800.385870	0.074573
23884800.395813	0.072077
23884800.426471	0.071974
23884800.460692	0.076031
23884800.491824	0.074526
23884800.520983	0.072300
23884800.553347	0.076653
23884800.567499	0.072392
23884800.602433	0.072792
23884800.635093	0.076805
23884800.659608	0.076083
23884800.692539	0.076965
23884800.722604	0.072137
23884800.752423	0.075870
23884800.801604	0.072479
23884800.813489	0.073978
23884800.854485	0.076843
23884800.875157	0.074570
23884800.915833	0.074082
23884800.936444	0.072132
23884800.962819	0.074040
23884800.991446	0.075587
23884801.026114	0.080155
23884801.062526	0.077238
23884801.079531	0.075066
23884801.114424	0.073182
23884801.141400	0.072066
23884801.171269	0.076205
23884801.203918	0.073490
23884801.229559	0.074534
23884801.259496	0.072410
23884801.301307	0.074499
23884801.316492	0.072052
23884801.352150	0.079637
23884801.381824	0.072491
23884801.410935	0.075095
23884801.436399	0.073051
23884801.484539	0.077740
23884801.504595	0.074667
23884801.534461	0.073174
23884801.555936	0.072194
23884801.588384	0.072112
23884801.621626	0.072454
23884801.649540	0.072496
23884801.678572	0.072701
23884801.714389	0.073155
23884801.741255	0.072108
23884801.774296	0.079550
23884801.801509	0.074426
23884801.831522	0.072091
23884801.869551	0.073486
23884801.891494	0.072174
23884801.926459	0.072167
23884801.945933	0.074244
23884801.981278	0.076292
23884802.011521	0.072584
23884802.040955	0.073252
23884802.072394	0.072744
23884802.096039	0.072555
23884802.129467	0.075197
23884802.169586	0.073704
23884802.202327	0.072349
23884802.216387	0.072142
23884802.247962	0.071989
23884802.281542	0.072096
23884802.305966	0.074275
23884802.341095	0.072530
23884802.376401	0.072835
23884802.404380	0.072353
23884802.433159	0.072209
23884802.464632	0.072161
23884802.496038	0.088814
23884802.532267	0.072101
23884802.546563	0.072195
23884802.578196	0.072732
23884802.609501	0.072550
23884802.636457	0.072426
23884802.676326	0.072893
23884802.701230	0.072469
23884802.731249	0.072739
23884802.763944	0.072514
23884802.797529	0.072863
23884802.826299	0.072739
23884802.859578	0.073440
23884802.880911	0.073393
23884802.907941	0.072541
23884802.938070	0.073138
23884802.966494	0.075133
23884802.997503	0.072954
23884803.031553	0.072525
23884803.055995	0.072593
23884803.102130	0.074114
23884803.132264	0.072562
23884803.159509	0.072455
23884803.191382	0.073123
23884803.206014	0.073240
23884803.238486	0.073509
23884803.272362	0.072479
23884803.296422	0.072487
23884803.332337	0.073318
23884803.366460	0.072535
23884803.391139	0.072913
23884803.424444	0.073473
23884803.455793	0.072465
23884803.489639	0.072489
23884803.511008	0.072859
23884803.535891	0.076036
23884803.568353	0.075660
23884803.596355	0.074900
23884803.634990	0.073853
23884803.666830	0.073966
23884803.699696	0.072390
23884803.726470	0.075559
23884803.751571	0.076581
23884803.792327	0.082306
23884803.811386	0.074364
23884803.846220	0.088518
23884803.866167	0.073025
23884803.898277	0.072973
23884803.931663	0.072875
23884803.956444	0.073469
23884803.988532	0.073099
23884804.026171	0.072405
23884804.055876	0.072287
23884804.086025	0.074797
23884804.114764	0.074006
23884804.152633	0.072636
23884804.176577	0.072657
23884804.196195	0.074004
23884804.226566	0.072484
23884804.263297	0.078595
23884804.291252	0.073135
23884804.321013	0.075236
23884804.348855	0.072521
23884804.392272	0.072412
23884804.412570	0.075591
23884804.452632	0.075172
23884804.482179	0.073162
23884804.512206	0.072823
23884804.526081	0.074084
23884804.566591	0.072820
23884804.588832	0.074838
23884804.624063	0.083807
23884804.651326	0.077466
23884804.684301	0.074252
23884804.706417	0.072482
23884804.752685	0.076216
23884804.771297	0.075124
23884804.808961	0.074275
23884804.831937	0.073858
23884804.869378	100.000000
23884804.888247	100.000000
23884804.921246	0.072708
23884804.956091	0.084699
23884804.978175	0.074852
23884805.016379	0.075027
23884805.046292	0.078038
23884805.074956	0.077304
23884805.106389	0.072428
23884805.133277	0.075262
23884805.166260	0.078994
23884805.185895	0.072306
23884805.218743	0.075381
23884805.255135	0.072379
23884805.281059	0.075397
23884805.311338	0.078453
23884805.341377	0.073810
23884805.395564	0.072590
23884805.400977	0.072228
23884805.430908	0.080409
23884805.474445	100.000000
23884805.502583	100.000000
23884805.516063	0.072365
23884805.547967	0.072467
23884805.581016	0.074813
23884805.606123	0.074461
23884805.672554	0.075737
23884805.688825	0.075015
23884805.702345	0.072381
23884805.739383	0.072461
23884805.764421	0.078701
23884805.806039	0.079523
23884805.833290	0.075328
23884805.855422	0.072825
23884805.878537	0.073086
23884805.919042	0.076663
23884805.942393	0.074894
23884805.973139	0.074576
23884806.002401	0.072639
23884806.030246	0.072721
23884806.062183	0.073270
23884806.092083	0.072742
23884806.119955	0.075563
23884806.157306	0.074565
23884806.177399	0.073272
23884806.212474	0.072858
23884806.250825	0.072588
23884806.269220	0.075390
23884806.302494	0.073351
23884806.336922	0.073205
23884806.362135	0.072475
23884806.392456	0.073764
23884806.425481	0.072921
23884806.457186	0.072555
23884806.485499	0.074609
23884806.513596	0.074686
23884806.554573	0.072661
23884806.578274	0.072316
23884806.605234	0.073452
23884806.636925	0.074152
23884806.662433	0.072335
23884806.692103	0.072975
23884806.722367	0.073119
23884806.755426	0.072300
23884806.782543	0.072456
23884806.822046	0.074061
23884806.835318	0.074760
23884806.867981	0.073125
23884806.906957	0.072430
23884806.965205	0.072564
23884806.967413	0.072723
23884807.000446	0.072698
23884807.027730	0.072832
23884807.053378	0.077431
23884807.087228	0.074940
23884807.112383	0.072358
23884807.165123	0.072443
23884807.192260	0.072735
23884807.198001	0.072411
23884807.231017	0.073041
23884807.259820	0.075120
23884807.288673	0.077273
23884807.325063	0.072387
23884807.360494	0.072385
23884807.383380	0.079063
23884807.416029	0.078525
23884807.453594	0.082039
23884807.477370	0.075163
23884807.497255	0.078882
23884807.536285	0.073057
23884807.557309	0.074090
23884807.593444	0.072731
23884807.630077	0.078883
23884807.697866	0.074401
23884807.698881	0.073479
23884807.715171	0.077808
23884807.747252	0.072709
23884807.776055	0.074487
23884807.805399	0.077484
23884807.840343	0.080752
23884807.857220	0.072552
23884807.892467	0.082431
23884807.921987	0.072600
23884807.952005	0.078515
23884808.001532	0.074802
23884808.017168	0.075150
23884808.037368	0.072903
23884808.077028	0.077423
23884808.102231	0.075841
23884808.140225	0.078468
23884808.157155	0.081534
23884808.188171	0.076216
23884808.221042	0.075204
23884808.252130	0.074528
23884808.285007	0.076480
23884808.308707	0.072324
23884808.343408	0.078498
23884808.380549	0.073455
23884808.413279	0.072404
23884808.435475	0.072460
23884808.465446	0.072479
23884808.500375	0.073264
23884808.526423	0.072574
23884808.558934	0.072467
23884808.583309	0.072817
23884808.620251	0.075523
23884808.647917	0.073783
23884808.673451	0.074470
23884808.705411	0.073815
23884808.735099	0.072858
23884808.765253	0.072499
23884808.795153	0.074638
23884808.815368	0.072896
23884808.847933	0.073097
23884808.884950	0.081921
23884808.912272	0.074511
23884808.942282	0.076823
23884808.975119	0.072734
23884809.002283	0.072450
23884809.035319	0.073637
23884809.062306	0.074999
23884809.100375	0.072823
23884809.126289	0.074277
23884809.147084	0.072946
23884809.178182	0.072640
23884809.222136	0.072601
23884809.237406	0.074445
23884809.272163	0.073263
23884809.304943	0.073481
23884809.342954	0.074317
23884809.362283	0.072598
23884809.396963	0.074771
23884809.432946	0.073127
23884809.463166	0.074112
23884809.477138	0.072884
23884809.508225	0.073155
23884809.536937	0.072628
23884809.567282	0.073215
23884809.597276	0.075281
23884809.627092	0.073883
23884809.670991	0.074918
23884809.697209	0.072648
23884809.724999	0.074988
23884809.752386	0.073124
23884809.787461	0.076972
23884809.807619	0.072758
23884809.838781	0.073388
23884809.867254	0.073208
23884809.902377	0.078176
23884809.937355	0.075375
23884809.962193	0.072550
23884809.997805	0.072603
23884810.021883	0.072574
23884810.057271	0.074844
23884810.082149	0.073031
23884810.122375	0.072739
23884810.137268	0.075089
23884810.171873	0.072878
23884810.213210	0.079840
23884810.232059	0.074751
23884810.259057	0.072813
23884810.292070	0.073077
23884810.317310	0.073218
23884810.351958	0.073893
23884810.385542	0.073611
23884810.412122	0.072805
23884810.445043	0.072962
23884810.471914	0.072907
23884810.499294	0.073386
23884810.528245	0.072866
23884810.557090	0.072869
23884810.587363	0.073425
23884810.624892	0.073125
23884810.652012	0.073606
23884810.685417	0.073454
23884810.724563	0.074917
23884810.753144	0.073188
23884810.775648	0.072979
23884810.805263	0.072678
23884810.829256	0.072719
23884810.865589	0.073173
23884810.886878	0.072760
23884810.930376	0.073379
23884810.957329	0.073507
23884810.985410	0.072881
23884811.012360	0.073242
23884811.045160	0.072926
23884811.082998	0.073159
23884811.107200	0.072861
23884811.127291	0.075203
23884811.162502	0.072964
23884811.186825	0.073394
23884811.219077	0.073226
23884811.253449	0.075698
23884811.281893	0.072904
23884811.309981	0.072961
23884811.345005	0.072800
23884811.375098	0.074764
23884811.410283	0.073452
23884811.444904	0.076774
23884811.462362	0.076737
23884811.489028	0.074060
23884811.519691	0.073256
23884811.555287	0.072980
23884811.585279	0.073324
23884811.611861	0.072894
23884811.645532	0.072883
23884811.675249	0.073364
23884811.713409	0.075926
23884811.743676	0.073480
23884811.764874	0.075862
23884811.787329	0.072908
23884811.821935	0.073186
23884811.846823	0.072875
23884811.878076	0.076441
23884811.911876	0.072962
23884811.942139	0.073602
23884811.975313	0.073106
23884811.998980	0.075963
23884812.035350	0.073528
23884812.064868	0.072911
23884812.095228	0.072925
23884812.117206	0.073325
23884812.146486	0.072974
23884812.177279	0.073239
23884812.214335	0.074615
23884812.243394	0.073224
23884812.271488	0.073290
23884812.300266	0.075683
23884812.327240	0.073127
23884812.365195	0.076951
23884812.403061	0.073474
23884812.425611	0.073238
23884812.452387	0.075666
23884812.480951	0.075863
23884812.512129	0.080571
23884812.538242	0.080027
23884812.569280	0.077733
23884812.602242	0.072972
23884812.633131	0.074548
23884812.670389	0.073378
23884812.690150	0.072989
23884812.722270	0.074460
23884812.754890	0.080257
23884812.777352	0.072618
23884812.815535	0.073044
23884812.836818	0.073378
23884812.871923	0.075053
23884812.904946	0.075362
23884812.934995	0.074400
23884812.965281	0.076701
23884812.987104	0.072745
23884813.025124	0.075424
23884813.054902	0.073008
23884813.090414	0.072663
23884813.115356	0.076310
23884813.145578	0.074414
23884813.180307	0.073403
23884813.202733	0.075367
23884813.232269	0.075698
23884813.265289	0.076962
23884813.291835	0.072625
23884813.322229	0.072982
23884813.349145	0.072667
23884813.380318	0.073333
23884813.417363	0.076690
23884813.435965	0.074753
23884813.468965	0.072759
23884813.502497	0.072670
23884813.527228	0.074759
23884813.562246	0.079093
23884813.596870	0.073790
23884813.619356	0.072653
23884813.652612	0.073399
23884813.682275	0.072789
23884813.712062	0.072681
23884813.746930	0.074428
23884813.772648	0.075196
23884813.810257	0.073339
23884813.840168	0.074105
23884813.870033	0.072710
23884813.900778	0.073729
23884813.922420	0.073989
23884813.960219	0.074431
23884813.982194	0.075750
23884814.014973	0.075307
23884814.039049	0.073710
23884814.077286	0.073899
23884814.102266	0.075548
23884814.135114	0.073154
23884814.165268	0.076370
23884814.192049	0.075081
23884814.222551	0.073105
23884814.252277	0.074084
23884814.290662	0.073086
23884814.312142	0.073690
23884814.345080	0.076370
23884814.372017	0.073140
23884814.405451	0.078448
23884814.427323	0.072864
23884814.465469	0.073886
23884814.487485	0.075519
23884814.522108	0.075844
23884814.557206	0.077024
23884814.585265	0.076499
23884814.612297	0.072772
23884814.642275	0.076749
23884814.672297	0.075754
23884814.700215	0.073097
23884814.748073	0.076350
23884814.755470	0.073083
23884814.787928	0.073083
23884814.822128	0.074805
23884814.852523	0.075064
23884814.882218	0.076892
23884814.912242	0.072804
23884814.942430	0.073223
23884814.972324	0.078810
23884815.007154	0.075024
23884815.035500	0.072748
23884815.070385	0.073070
23884815.086425	0.072789
23884815.120426	0.075808
23884815.163148	0.074192
23884815.190004	0.074801
23884815.221897	0.073507
23884815.242266	0.083713
23884815.280950	0.076778
23884815.305492	0.078612
23884815.343285	0.072810
23884815.362324	0.072838
23884815.395268	0.073506
23884815.417142	0.072820
23884815.455041	0.072789
23884815.477071	0.073519
23884815.514781	0.073108
23884815.547027	0.072819
23884815.572239	0.072875
23884815.602224	0.072762
23884815.639967	0.072835
23884815.659289	0.075993
23884815.703269	0.075774
23884815.740366	0.072815
23884815.743937	0.075231
23884815.778236	0.072853
23884815.811176	0.075613
23884815.844135	0.077557
23884815.875052	0.073590
23884815.901334	0.074137
23884815.937146	0.073335
23884815.962304	0.075202
23884815.994928	0.072717
23884816.025384	0.075120
23884816.055009	0.072827
23884816.075327	0.073256
23884816.107991	0.073468
23884816.143299	0.074923
23884816.172327	0.083113
23884816.205207	0.078243
23884816.231348	0.074935
23884816.264993	0.078598
23884816.295047	0.075484
23884816.324920	0.080744
23884816.357334	0.072815
23884816.379895	0.074345
23884816.412291	0.073309
23884816.455045	0.072833
23884816.469252	0.074635
23884816.505331	0.074542
23884816.537253	0.078306
23884816.561886	0.077328
23884816.595203	0.074287
23884816.622654	0.073576
23884816.655077	0.073537
23884816.681574	0.073222
23884816.712343	100.000000
23884816.750118	100.000000
23884816.765615	0.073052
23884816.802126	0.075631
23884816.840288	0.072852
23884816.865415	0.073079
23884816.892318	0.079086
23884816.925226	0.075056
23884816.962873	0.074251
23884816.990224	0.073488
23884817.015408	0.073534
23884817.046134	0.073083
23884817.075198	0.075138
23884817.105561	0.075822
23884817.131874	0.073202
23884817.170490	0.076051
23884817.195210	0.074849
23884817.222185	0.073260
23884817.263105	0.075423
23884817.285456	0.076103
23884817.312123	0.075673
23884817.345453	0.073848
23884817.377824	0.074931
23884817.397219	0.074296
23884817.428342	0.074865
23884817.469977	0.077013
23884817.486811	0.073336
23884817.525653	0.073168
23884817.555068	0.077679
23884817.590054	0.073240
23884817.619836	0.073185
23884817.647395	0.077087
23884817.682829	0.073719
23884817.702443	0.073118
23884817.735261	0.074850
23884817.770228	0.074129
23884817.790802	0.074477
23884817.824842	0.073625
23884817.855145	0.076165
23884817.877399	0.072943
23884817.912231	0.073395
23884817.937482	100.000000
23884817.988372	100.000000
23884818.011854	0.074571
23884818.027051	0.075379
23884818.057410	0.076608
23884818.095232	0.077235
23884818.117222	0.073676
23884818.152324	0.073570
23884818.193134	0.074159
23884818.209765	0.073369
23884818.246612	0.073129
23884818.274965	0.073632
23884818.313183	0.073202
23884818.335432	0.074554
23884818.373376	0.073239
23884818.392351	0.073269
23884818.417979	0.073519
23884818.448948	0.073429
23884818.477126	0.075312
23884818.512238	0.074317
23884818.545063	0.073216
23884818.577343	0.076878
23884818.605056	0.073779
23884818.635362	0.075231
23884818.669915	0.073302
23884818.701949	0.073211
23884818.716030	0.075145
23884818.748087	0.073384
23884818.782196	0.076862
23884818.812206	0.073410
23884818.841755	0.073471
23884818.875179	0.073458
23884818.905011	0.076454
23884818.937070	0.073832
23884818.965638	0.073361
23884818.995187	0.075994
23884819.030403	0.073798
23884819.050364	0.074006
23884819.085292	0.073492
23884819.115170	0.075290
23884819.145363	0.073361
23884819.174941	0.076971
23884819.202197	0.073313
23884819.235050	0.073125
23884819.281428	0.073426
23884819.305162	0.078813
23884819.325651	0.073847
23884819.355304	0.073182
23884819.382177	0.076160
23884819.408743	0.073319
23884819.439998	0.073574
23884819.467288	0.074196
23884819.507600	0.074378
23884819.532114	0.073035
23884819.565440	0.073944
23884819.598096	0.074453
23884819.632215	0.073870
23884819.660435	0.075734
23884819.685309	0.088480
23884819.706760	0.073262
23884819.738168	0.072996
23884819.767122	0.073327
23884819.798242	0.073689
23884819.824925	0.073368
23884819.860358	0.073332
23884819.897306	0.074377
23884819.922337	0.073838
23884819.952209	0.072982
23884819.978945	0.072941
23884820.023281	0.074362
23884820.035972	0.075738
23884820.068687	0.073387
23884820.096900	0.072974
23884820.126949	0.073983
23884820.154425	0.073152
23884820.186754	0.073451
23884820.225238	0.073365
23884820.246915	0.077576
23884820.282968	0.076546
23884820.309195	0.077366
23884820.344916	0.074720
23884820.367232	0.073581
23884820.402260	0.074340
23884820.427319	0.073259
23884820.458976	0.073641
23884820.487177	0.074152
23884820.516894	0.073823
23884820.553320	0.073311
23884820.590299	0.073988
23884820.610481	0.077378
23884820.650306	0.075154
23884820.679115	0.075655
23884820.695891	0.074264
23884820.728194	0.076133
23884820.764971	0.075781
23884820.800195	0.073423
23884820.825212	0.073587
23884820.857230	0.073466
23884820.881911	0.073768
23884820.914592	0.073884
23884820.946907	0.073991
23884820.974984	0.073175
23884821.004880	0.073622
23884821.032533	0.073857
23884821.058769	0.073679
23884821.089932	0.073352
23884821.130256	0.073587
23884821.162208	0.073444
23884821.198877	100.000000
23884821.214879	100.000000
23884821.244986	0.073065
23884821.271361	0.075119
23884821.302051	0.073392
23884821.342503	0.072978
23884821.357384	0.073467
23884821.388194	0.073141
23884821.420370	0.073283
23884821.447046	0.073971
23884821.485365	0.073326
23884821.507013	0.075225
23884821.547254	0.073669
23884821.582810	0.074071
23884821.605184	0.074069
23884821.635328	0.073265
23884821.670379	0.073607
23884821.687331	0.073898
23884821.718218	0.076938
23884821.747167	0.073705
23884821.780897	0.073740
23884821.812009	0.074171
23884821.842152	0.073354
23884821.872172	0.073669
23884821.913877	0.074385
23884821.932201	0.073592
23884821.962505	0.073470
23884822.003980	0.074159
23884822.017322	0.076949
23884822.050278	0.073798
23884822.077092	0.073605
23884822.112200	0.073745
23884822.138110	0.074363
23884822.169220	0.073511
23884822.208118	0.078366
23884822.236984	0.073797
23884822.268296	0.073689
23884822.296984	0.073833
23884822.340362	0.074673
23884822.347487	0.076292
23884822.382789	0.073383
23884822.419451	0.075114
23884822.443264	0.075423
23884822.471986	0.073858
23884822.497263	0.073357
23884822.535296	0.073788
23884822.566983	0.076323
23884822.599847	0.076161
23884822.625110	0.073715
23884822.655266	0.073462
23884822.676895	0.073636
23884822.707810	0.073522
23884822.737840	0.074039
23884822.764888	0.073409
23884822.797186	0.075019
23884822.840478	0.074250
23884822.873237	0.073417
23884822.890408	0.079122
23884822.925075	0.073167
23884822.960032	0.073456
23884822.982313	0.074248
23884823.011983	0.075569
23884823.060405	0.073286
23884823.080360	0.073496
23884823.103816	0.073184
23884823.135196	0.077278
23884823.162178	0.073885
23884823.192069	0.073524
23884823.238285	0.074147
23884823.255211	0.075419
23884823.290333	0.073909
23884823.318245	0.074650
23884823.337553	0.073277
23884823.372024	0.073506
23884823.395293	0.073821
23884823.429399	0.073223
23884823.465108	0.073924
23884823.487052	0.073475
23884823.525352	0.074600
23884823.547046	0.077300
23884823.588406	0.076331
23884823.620183	0.073227
23884823.653465	0.074317
23884823.667257	0.076637
23884823.703875	0.076845
23884823.730661	0.073116
23884823.760916	0.075184
23884823.792163	0.073882
23884823.825338	0.074158
23884823.862901	0.074843
23884823.885336	0.073665
23884823.915166	0.075667
23884823.958282	0.073807
23884823.972381	0.074806
23884824.001915	0.076506
23884824.036532	0.073203
23884824.059071	0.073466
23884824.092658	0.076732
23884824.116825	0.073908
23884824.150272	0.073627
23884824.182106	0.074891
23884824.217257	0.073943
23884824.242177	0.073601
23884824.277474	0.073175
23884824.321174	0.075213
23884824.327044	0.077348
23884824.357554	0.073274
23884824.391763	0.074928
23884824.414016	0.074967
23884824.447274	0.076007
23884824.488275	0.073704
23884824.532111	0.077379
23884824.556766	100.000000
23884824.575274	0.073616
23884824.601942	0.074606
23884824.640312	0.075359
23884824.665512	0.073645
23884824.687218	0.073460
23884824.725114	0.078141
23884824.752155	0.075437
23884824.788673	0.079578
23884824.818220	0.075519
23884824.842313	0.073361
23884824.872077	0.073412
23884824.902582	0.077719
23884824.931315	0.074099
23884824.961151	0.074510
23884824.985596	0.076342
23884825.025065	0.074885
23884825.065304	0.078437
23884825.086792	0.073741
23884825.112224	0.074626
23884825.142316	0.073745
23884825.193493	0.073360
23884825.202067	0.074933
23884825.231762	0.073391
23884825.281228	0.075410
23884825.305174	0.073720
23884825.451219	0.077821
23884825.451250	100.000000
23884825.451262	100.000000
23884825.451274	100.000000
23884825.451297	100.000000
23884825.480319	100.000000
23884825.516058	0.073576
23884825.537219	0.073677
23884825.569143	0.073946
23884825.593162	0.073277
23884825.620973	0.075629
23884825.645307	0.076016
23884825.678283	0.074070
23884825.707799	0.073327
23884825.743208	0.076549
23884825.772879	0.076713
23884825.797877	0.073235
23884825.831138	0.073293
23884825.857884	0.075321
23884825.893267	0.075356
23884825.923272	0.075706
23884825.948517	0.073239
23884825.983188	0.073676
23884826.005562	0.074280
23884826.038091	0.074924
23884826.068238	0.076255
23884826.102809	0.076845
23884826.133317	0.074254
23884826.161856	0.073842
23884826.191170	0.075272
23884826.219252	0.073328
23884826.249050	0.074287
23884826.273179	0.074982
23884826.308324	0.081242
23884826.346034	0.073753
23884826.368287	0.073724
23884826.403545	0.076050
23884826.433585	0.075687
23884826.463270	0.075438
23884826.493181	0.074407
23884826.521239	0.074388
23884826.556218	0.073312
23884826.589317	0.073305
23884826.616193	0.073276
23884826.635244	0.075749
23884826.667937	0.073807
23884826.698059	0.076283
23884826.725180	0.073273
23884826.757842	0.077032
23884826.792887	0.073415
23884826.818202	0.073325
23884826.854332	0.075952
23884826.889511	0.073295
23884826.916344	0.074680
23884826.946170	0.074715
23884826.964971	0.073692
23884827.004366	0.075701
23884827.031953	0.075806
23884827.055234	0.073659
23884827.092631	0.074166
23884827.118208	0.073401
23884827.151569	0.073631
23884827.183176	0.073340
23884827.213601	0.075952
23884827.256257	0.075136
23884827.283348	0.075388
23884827.294907	0.075725
23884827.344324	0.074131
23884827.384264	0.075463
23884827.389107	0.075715
23884827.418374	0.074473
23884827.448416	0.075670
23884827.483323	0.073762
23884827.507985	0.073381
23884827.548295	0.076147
23884827.573001	0.074066
23884827.598092	0.076181
23884827.642923	0.076417
23884827.654821	0.073514
23884827.691778	0.074790
23884827.717902	0.073754
23884827.756439	0.074785
23884827.780890	0.074054
23884827.808139	0.073372
23884827.837830	100.000000
23884827.867143	100.000000
23884827.900798	100.000000
23884827.931599	0.075726
23884827.955085	0.073820
23884827.993240	0.077772
23884828.018172	0.074070
23884828.049948	0.074766
23884828.078059	0.077468
23884828.111278	0.074444
23884828.143231	0.076142
23884828.173246	0.073789
23884828.207251	0.073881
23884828.229940	100.000000
23884828.268796	100.000000
23884828.296937	0.080903
23884828.322377	0.073738
23884828.352288	0.078260
23884828.386774	0.075920
23884828.412202	0.075203
23884828.444456	0.074840
23884828.470066	0.074885
23884828.505249	0.075799
23884828.527302	0.073426
23884828.571882	0.073823
23884828.592225	0.073711
23884828.622155	0.077102
23884828.657147	0.074187
23884828.679227	0.075127
23884828.718851	0.080266
23884828.743239	0.078128
23884828.768037	0.073949
23884828.808779	0.080400
23884828.830949	0.075852
23884828.867986	0.073776
23884828.892409	0.074719
23884828.932158	0.076309
23884828.947624	0.075712
23884828.980830	0.075357
23884829.005064	0.074331
23884829.050271	0.076387
23884829.067874	0.075449
23884829.098338	0.073480
23884829.137294	0.075247
23884829.171283	0.074789
23884829.201705	0.074075
23884829.220113	0.074083
23884829.247928	0.074818
23884829.275397	0.076421
23884829.305272	0.073491
23884829.339132	0.074472
23884829.372825	0.075479
23884829.396227	0.074450
23884829.433328	0.075514
23884829.463194	0.074139
23884829.493203	0.074002
23884829.520945	0.075699
23884829.551255	0.074470
23884829.578188	0.073490
23884829.606082	0.077194
23884829.635287	0.074496
23884829.668301	0.075043
23884829.698141	0.078938
23884829.727753	0.076555
23884829.757792	0.074226
23884829.796294	0.076500
23884829.823175	0.078855
23884829.853155	0.075246
23884829.883271	0.078263
23884829.908488	0.082507
23884829.935257	0.075821
23884829.965338	0.078121
23884829.997918	0.082640
23884830.033211	0.083086
23884830.056401	0.073484
23884830.091286	0.083331
23884830.118308	0.076346
23884830.146057	0.083700
23884830.183285	0.080268
23884830.208168	0.074464
23884830.238189	0.077305
23884830.265642	0.077970
23884830.294732	0.081788
23884830.341230	100.000000
23884830.360923	0.079856
23884830.385602	0.083655
23884830.418111	0.081255
23884830.448206	0.076079
23884830.478047	100.000000
23884830.515740	100.000000
