23985155.489933	-0.008274
23985155.499947	-0.004804
23985155.509926	-0.011972
23985155.519788	-0.008895
23985155.530013	-0.013609
23985155.539994	-0.013189
23985155.549912	-0.007126
23985155.559891	0.001248
23985155.569974	-0.008704
23985155.579968	-0.003788
23985155.589994	-0.006468
23985155.600028	-0.012409
23985155.609966	-0.005702
23985155.619948	-0.014131
23985155.629934	-0.014152
23985155.639952	-0.011928
23985155.649978	-0.009039
23985155.660003	-0.012992
23985155.669987	-0.013924
23985155.679947	-0.013042
23985155.689881	-0.004639
23985155.700027	-0.013638
23985155.709990	-0.010469
23985155.719923	0.002457
23985155.729966	-0.007429
23985155.739978	-0.012201
23985155.749913	-0.013692
23985155.759930	-0.014444
23985155.770016	-0.014759
23985155.779929	-0.014440
23985155.789865	-0.012866
23985155.799936	-0.013067
23985155.809963	-0.009298
23985155.819939	-0.011229
23985155.829946	-0.013208
23985155.839949	-0.013043
23985155.849964	-0.004296
23985155.859928	-0.005208
23985155.869939	-0.013166
23985155.879921	-0.015136
23985155.889852	-0.005316
23985155.899919	-0.010783
23985155.909917	-0.012190
23985155.919916	-0.013553
23985155.929923	-0.012063
23985155.939927	-0.013576
23985155.949873	-0.012769
23985155.959946	-0.013990
23985155.969924	-0.008778
23985155.979918	-0.013432
23985155.989947	-0.012203
23985155.999941	-0.013488
23985156.009919	-0.012620
23985156.019970	-0.011808
23985156.029923	-0.004223
23985156.039952	-0.012266
23985156.049914	0.002235
23985156.059939	-0.007628
23985156.069946	-0.012464
23985156.079918	-0.012626
23985156.089927	-0.013467
23985156.099934	-0.012177
23985156.109916	-0.013508
23985156.119934	-0.011629
23985156.129945	-0.008650
23985156.139989	-0.013172
23985156.150099	-0.012276
23985156.159971	-0.013077
23985156.170014	-0.013494
23985156.179987	-0.000133
23985156.189977	-0.009961
23985156.199938	-0.012985
23985156.209940	-0.007685
23985156.219928	-0.007909
23985156.229985	-0.011219
23985156.239924	-0.011614
23985156.249920	-0.013560
23985156.259902	-0.014001
23985156.269944	-0.012328
23985156.279929	-0.012580
23985156.289975	-0.009864
23985156.299926	-0.013528
23985156.309914	-0.013476
23985156.319938	-0.012940
23985156.329929	-0.013696
23985156.339925	-0.005713
23985156.349924	-0.004840
23985156.359972	-0.013429
23985156.369925	-0.009520
23985156.379917	-0.005619
23985156.389920	-0.014008
23985156.399935	-0.011579
23985156.409941	-0.005467
23985156.419919	-0.012567
23985156.429954	-0.012830
23985156.439917	-0.013049
23985156.449920	-0.007350
23985156.459825	-0.005168
23985156.469924	-0.014303
23985156.479826	-0.013671
23985156.489949	-0.005614
23985156.499988	-0.004223
23985156.509895	-0.010825
23985156.519917	0.000698
23985156.529923	-0.007703
23985156.539919	-0.013063
23985156.549976	-0.012988
23985156.559935	-0.012121
23985156.569915	-0.005820
23985156.579914	-0.013051
23985156.589932	-0.013837
23985156.599952	-0.013942
23985156.609940	-0.000350
23985156.619918	-0.009193
23985156.629927	-0.013123
23985156.639925	-0.013367
23985156.649867	-0.012646
23985156.659933	-0.003381
23985156.670045	-0.004112
23985156.679787	0.001283
23985156.689929	-0.007120
23985156.699951	-0.013163
23985156.709855	-0.012300
23985156.719935	-0.014266
23985156.729942	-0.012241
23985156.740013	-0.013284
23985156.749870	-0.006980
23985156.759953	0.002331
23985156.769941	-0.007513
23985156.779922	-0.006579
23985156.789885	-0.014157
23985156.799945	-0.013897
23985156.809924	-0.013134
23985156.819917	-0.013369
23985156.829918	-0.012501
23985156.839923	-0.014523
23985156.849917	-0.005719
23985156.859936	-0.014122
23985156.869965	-0.013124
23985156.879925	-0.005235
23985156.889942	-0.015038
23985156.899919	-0.013040
23985156.909859	-0.011949
23985156.919917	0.001136
23985156.929917	0.046392
23985156.939826	0.037161
23985156.949927	0.027775
23985156.959957	0.017949
23985156.969947	0.008063
23985156.979944	-0.001710
23985156.989981	-0.011616
23985156.999916	-0.013641
23985157.009853	0.006156
23985157.019913	0.006031
23985157.029959	-0.003791
23985157.039922	-0.011049
23985157.049947	-0.012149
23985157.059939	-0.013052
23985157.069923	-0.009939
23985157.079919	0.001024
23985157.090021	-0.005807
23985157.099929	-0.012167
23985157.109931	-0.013017
23985157.119983	-0.007917
23985157.129915	-0.005583
23985157.139888	-0.013402
23985157.149928	-0.003782
23985157.159918	0.001252
23985157.169792	0.048680
23985157.179997	0.039500
23985157.189974	0.029797
23985157.199913	0.020540
23985157.209855	0.011409
23985157.219946	0.003708
23985157.229915	-0.005956
23985157.239921	0.002000
23985157.249926	-0.004692
23985157.259945	-0.014588
23985157.269906	-0.005215
23985157.279939	-0.014673
23985157.289927	-0.012886
23985157.299956	-0.013912
23985157.309922	-0.011998
23985157.319826	0.001498
23985157.329914	0.007122
23985157.339949	-0.001461
23985157.349934	-0.010385
23985157.359990	-0.010608
23985157.369999	-0.006355
23985157.380007	-0.013501
23985157.390033	-0.013594
23985157.400007	-0.012310
23985157.409989	0.002182
23985157.419936	-0.007582
23985157.429916	-0.014639
23985157.440002	-0.006381
23985157.449961	-0.013808
23985157.459951	-0.013038
23985157.469927	-0.005188
23985157.479960	-0.014829
23985157.489938	-0.008343
23985157.499925	-0.005139
23985157.509839	-0.006201
23985157.519850	-0.000116
23985157.529916	-0.008362
23985157.539922	-0.011050
23985157.549935	-0.012970
23985157.559916	-0.012524
23985157.569925	-0.006578
23985157.579927	-0.013261
23985157.589949	-0.012719
23985157.599916	-0.012066
23985157.609920	-0.002090
23985157.620006	-0.012060
23985157.629848	-0.012788
23985157.639924	-0.013367
23985157.649991	-0.007795
23985157.659914	-0.011308
23985157.669919	-0.005488
23985157.679919	-0.004205
23985157.689961	-0.012403
23985157.699907	-0.011992
23985157.709931	-0.012880
23985157.719939	-0.014099
23985157.729917	-0.006290
23985157.739959	-0.012105
23985157.749982	-0.010126
23985157.759945	-0.013638
23985157.769860	-0.012678
23985157.779943	-0.011462
23985157.789965	-0.013034
23985157.800041	-0.013606
23985157.809921	-0.008829
23985157.819919	-0.012470
23985157.829995	-0.012460
23985157.839970	-0.011762
23985157.849935	-0.012861
23985157.859918	-0.011697
23985157.869917	-0.013246
23985157.879947	-0.011761
23985157.889944	-0.008440
23985157.899829	-0.012600
23985157.909839	-0.012978
23985157.919924	-0.005249
23985157.929968	-0.005919
23985157.939919	-0.007367
23985157.949851	-0.012965
23985157.959916	-0.013441
23985157.969934	-0.008464
23985157.979966	-0.014298
23985157.989932	-0.005213
23985157.999965	-0.012058
23985158.009957	-0.010267
23985158.019951	-0.013119
23985158.029942	-0.012539
23985158.039931	-0.012664
23985158.049960	-0.008872
23985158.059927	-0.012970
23985158.069940	-0.013360
23985158.079931	-0.011749
23985158.089920	-0.012436
23985158.099930	-0.011618
23985158.109974	-0.012420
23985158.119929	-0.013612
23985158.129894	-0.008229
23985158.139937	-0.013106
23985158.149950	-0.013558
23985158.159885	-0.011725
23985158.169944	-0.007981
23985158.179973	-0.013130
23985158.189927	-0.011352
23985158.200162	0.001090
23985158.209951	0.001679
23985158.220176	-0.008188
23985158.229948	-0.012849
23985158.239927	-0.013535
23985158.250006	-0.013066
23985158.259982	-0.012590
23985158.269948	-0.012982
23985158.280029	-0.013073
23985158.290003	0.009645
23985158.299989	0.000719
23985158.309932	-0.008998
23985158.319914	-0.011600
23985158.329918	-0.003479
23985158.339962	-0.011669
23985158.349942	-0.013071
23985158.359957	-0.013846
23985158.369916	-0.007780
23985158.379941	-0.013755
23985158.389828	-0.006594
23985158.399926	-0.010873
23985158.409932	-0.013132
23985158.419913	-0.012353
23985158.429930	-0.012013
23985158.439949	-0.014498
23985158.449982	-0.009422
23985158.459943	-0.012881
23985158.469927	-0.011480
23985158.479945	-0.011582
23985158.489922	-0.012806
23985158.499980	-0.007154
23985158.509957	-0.011599
23985158.519919	0.002097
23985158.530002	0.003127
23985158.539892	-0.006568
23985158.550152	-0.013517
23985158.560017	-0.003940
23985158.569927	-0.013397
23985158.579954	-0.004913
23985158.589933	-0.009563
23985158.599954	-0.013024
23985158.609976	-0.008075
23985158.619831	-0.012819
23985158.630052	-0.014323
23985158.640066	-0.004880
23985158.649920	-0.005014
23985158.659989	-0.012995
23985158.669970	-0.012237
23985158.679966	-0.014004
23985158.690012	0.001370
23985158.699925	-0.008185
23985158.709949	-0.011721
23985158.719921	-0.014234
23985158.729925	0.003068
23985158.739943	-0.001053
23985158.749912	-0.005465
23985158.759838	0.001218
23985158.769939	-0.007132
23985158.779966	-0.011626
23985158.789925	-0.014002
23985158.799928	-0.004380
23985158.809944	-0.014266
23985158.819941	-0.006805
23985158.829863	-0.002083
23985158.839998	-0.012041
23985158.849915	-0.005539
23985158.859902	-0.014269
23985158.869968	-0.012745
23985158.879917	-0.012460
23985158.889927	-0.011092
23985158.899918	-0.004492
23985158.909926	-0.010904
23985158.920046	0.001318
23985158.929929	-0.002538
23985158.939970	-0.011772
23985158.949880	-0.012978
23985158.959873	-0.013611
23985158.969950	-0.013889
23985158.979967	-0.001822
23985158.989927	-0.007762
23985158.999962	-0.012831
23985159.009924	-0.009189
23985159.019807	-0.006250
23985159.029922	-0.012751
23985159.039947	-0.012876
23985159.049959	-0.009558
23985159.059918	-0.013672
23985159.069944	-0.005208
23985159.079915	0.000954
23985159.089947	0.002503
23985159.099957	-0.003783
23985159.109934	-0.013570
23985159.120124	-0.008107
23985159.129920	-0.002364
23985159.139947	-0.005195
23985159.149916	-0.010678
23985159.159918	0.000795
23985159.169961	-0.009018
23985159.179914	-0.006932
23985159.189955	-0.013573
23985159.199949	-0.013352
23985159.209978	-0.012442
23985159.219955	-0.014165
23985159.229928	-0.012536
23985159.239954	-0.012520
23985159.250062	-0.007910
23985159.259927	-0.011613
23985159.269958	-0.013728
23985159.279940	-0.012890
23985159.289992	-0.010189
23985159.299953	-0.012447
23985159.309915	-0.012933
23985159.320003	-0.012114
23985159.329972	0.002364
23985159.339986	-0.007494
23985159.349994	-0.005885
23985159.359921	-0.015311
23985159.369951	-0.011721
23985159.379975	-0.011178
23985159.389923	-0.014138
23985159.399953	-0.013335
23985159.409941	0.001297
23985159.419953	-0.004963
23985159.429977	-0.013611
23985159.439942	-0.012387
23985159.449996	-0.005120
23985159.459927	-0.012881
23985159.469939	-0.005293
23985159.479924	-0.013927
23985159.489924	-0.006073
23985159.499921	-0.004799
23985159.509932	-0.007836
23985159.519925	0.006261
23985159.529987	-0.003647
23985159.539836	-0.003289
23985159.549918	-0.012785
23985159.559932	-0.013949
23985159.569946	-0.009267
23985159.579916	-0.012255
23985159.589930	-0.008110
23985159.599943	-0.011853
23985159.609799	-0.012885
23985159.619916	-0.008362
23985159.629941	-0.014466
23985159.639922	-0.014090
23985159.650218	-0.004284
23985159.659923	-0.010612
23985159.669951	-0.006336
23985159.679929	-0.013519
23985159.689958	-0.001748
23985159.699938	-0.006830
23985159.709956	-0.004110
23985159.719877	-0.010207
23985159.729911	-0.002548
23985159.739972	-0.012051
23985159.749823	-0.011909
23985159.759992	-0.004217
23985159.769933	-0.005773
23985159.779916	-0.009508
23985159.789949	-0.011376
23985159.799946	0.001088
23985159.809997	-0.000013
23985159.819917	-0.002598
23985159.829827	-0.012190
23985159.839970	-0.006503
23985159.849920	-0.008995
23985159.859959	-0.002472
23985159.869868	-0.010095
23985159.879914	0.001096
23985159.889942	-0.007314
23985159.899920	-0.011854
23985159.910006	-0.010022
23985159.919922	-0.003250
23985159.929944	-0.010550
23985159.939928	-0.013356
23985159.949921	-0.012878
23985159.959974	0.001682
23985159.969919	-0.007762
23985159.979888	-0.006416
23985159.990072	-0.001278
23985159.999941	-0.010019
23985160.009916	-0.009524
23985160.019942	-0.004513
23985160.029931	-0.002603
23985160.039844	-0.010609
23985160.049882	0.031956
23985160.059951	0.022045
23985160.069918	0.021530
23985160.079876	0.042631
23985160.089964	0.032840
23985160.099945	0.023209
23985160.109921	0.022767
23985160.119919	0.016841
23985160.129818	0.017529
23985160.139918	0.009004
23985160.149921	0.007608
23985160.159940	-0.001050
23985160.169915	-0.010284
23985160.179864	-0.005520
23985160.189949	-0.006848
23985160.199916	-0.012092
23985160.209940	0.047618
23985160.219926	0.038294
23985160.229936	0.028361
23985160.239876	0.020489
23985160.249922	0.011273
23985160.259916	0.001456
23985160.269938	-0.007943
23985160.279917	0.001129
23985160.289948	-0.004132
23985160.299928	-0.008187
23985160.309920	-0.013409
23985160.319958	-0.001774
23985160.329959	-0.011614
23985160.339947	-0.012547
23985160.349924	-0.006903
23985160.359921	0.001954
23985160.369919	-0.002207
23985160.379866	0.007037
23985160.389960	-0.002866
23985160.399914	-0.009782
23985160.409959	-0.008643
23985160.419919	-0.003623
23985160.429931	-0.013474
23985160.439990	-0.010612
23985160.449935	0.008515
23985160.459960	-0.001327
23985160.469870	-0.004669
23985160.479930	0.004834
23985160.489946	0.000073
23985160.499921	-0.002487
23985160.509958	0.018050
23985160.519958	0.008257
23985160.530175	-0.000614
23985160.539974	0.001514
23985160.549948	-0.007570
23985160.559922	-0.011807
23985160.569857	-0.009271
23985160.579927	-0.000669
23985160.589947	-0.010538
23985160.599924	0.004225
23985160.609923	0.001455
23985160.619925	-0.003272
23985160.629922	-0.002612
23985160.639935	-0.003769
23985160.649918	-0.008476
23985160.659947	-0.011482
23985160.669923	-0.004607
23985160.679950	0.002739
23985160.689923	-0.007050
23985160.699914	-0.011482
23985160.709917	-0.014279
23985160.719950	-0.013914
23985160.729914	-0.008931
23985160.739914	-0.012595
23985160.749920	-0.010544
23985160.759913	-0.012980
23985160.769919	-0.007109
23985160.779945	-0.005844
23985160.789960	-0.013009
23985160.799915	-0.010627
23985160.809928	-0.012972
23985160.819942	-0.015261
23985160.829939	-0.011713
23985160.839966	-0.013147
23985160.849921	-0.008115
23985160.859914	-0.002982
23985160.869919	-0.011659
23985160.879940	-0.014408
23985160.889942	-0.013136
23985160.899914	-0.013053
23985160.909975	-0.014095
23985160.919968	-0.011822
23985160.929909	0.000510
23985160.939947	-0.008760
23985160.949927	-0.002585
23985160.959934	-0.011600
23985160.969919	-0.006568
23985160.979948	-0.011895
23985160.989973	-0.014864
23985160.999915	0.001875
23985161.009919	-0.006969
23985161.019953	-0.012541
23985161.029916	-0.004648
23985161.039924	-0.012452
23985161.049932	-0.011723
23985161.059948	-0.014230
23985161.069926	-0.009081
23985161.079931	0.001231
23985161.089929	-0.008592
23985161.099914	-0.010135
23985161.109841	-0.012657
23985161.119950	-0.013806
23985161.129941	-0.005732
23985161.139932	-0.013781
23985161.149949	-0.013565
23985161.159961	-0.014336
23985161.169957	-0.006356
23985161.179924	-0.010871
23985161.189943	-0.005323
23985161.199915	-0.006103
23985161.209919	-0.004205
23985161.219936	-0.007884
23985161.229927	-0.014497
23985161.239946	-0.013311
23985161.249919	-0.008237
23985161.259930	-0.012806
23985161.269919	-0.013186
23985161.279931	0.025744
23985161.289921	0.016200
23985161.299920	0.006958
23985161.309919	-0.000043
23985161.319979	-0.009958
23985161.329994	0.000991
23985161.339926	-0.003468
23985161.349966	-0.013400
23985161.360034	-0.013797
23985161.369947	-0.008036
23985161.380031	-0.012802
23985161.389912	-0.007264
23985161.399914	-0.012550
23985161.409957	-0.008660
23985161.419935	-0.012531
23985161.429861	-0.013529
23985161.439973	-0.005729
23985161.450014	-0.012965
23985161.459956	-0.003709
23985161.469925	-0.007841
23985161.479919	-0.009610
23985161.489921	-0.006555
23985161.499914	-0.002228
23985161.509939	0.006023
23985161.519930	-0.000842
23985161.530016	-0.003556
23985161.539901	0.000010
23985161.550009	-0.005287
23985161.559965	0.002282
23985161.570050	-0.006591
23985161.579942	-0.013121
23985161.589987	-0.011738
23985161.599983	-0.009649
23985161.610025	-0.011786
23985161.619911	-0.015053
23985161.629991	-0.010416
23985161.639934	-0.013328
23985161.649962	-0.000462
23985161.659986	-0.003099
23985161.669935	-0.012352
23985161.679977	-0.009149
23985161.689838	-0.013975
23985161.699932	-0.006024
23985161.710008	-0.007688
23985161.719922	-0.010619
23985161.730022	-0.007117
23985161.739958	-0.007955
23985161.749988	-0.011272
23985161.760056	-0.011030
23985161.769916	-0.007207
23985161.779942	-0.008229
23985161.789925	-0.012912
23985161.799916	-0.012637
23985161.809961	-0.008000
23985161.819917	-0.002655
23985161.829986	-0.011992
23985161.839922	-0.013389
23985161.849916	-0.000984
23985161.859919	-0.010390
23985161.869928	-0.012885
23985161.879981	-0.013958
23985161.889946	0.000779
23985161.899942	-0.002560
23985161.909916	-0.012399
23985161.919893	-0.013244
23985161.929919	-0.013933
23985161.939916	-0.013631
23985161.949916	-0.012624
23985161.959961	0.001686
23985161.969945	-0.006757
23985161.979944	-0.005426
23985161.989921	-0.011163
23985161.999925	-0.012377
23985162.009960	-0.013836
23985162.019868	-0.012313
23985162.029854	-0.010868
23985162.039950	-0.013980
23985162.049956	-0.008086
23985162.059966	-0.011009
23985162.070138	-0.011676
23985162.079911	-0.012801
23985162.089918	-0.005340
23985162.099924	-0.013329
23985162.109987	-0.014248
23985162.119922	0.002538
23985162.129917	-0.006338
23985162.139940	-0.008296
23985162.149915	-0.006805
23985162.159917	0.001127
23985162.169923	-0.008511
23985162.179917	-0.013036
23985162.189932	-0.009174
23985162.199921	0.002514
23985162.209947	-0.007345
23985162.219922	-0.006989
23985162.229919	-0.009449
23985162.239935	-0.013006
23985162.249930	-0.003210
23985162.259930	-0.001528
23985162.269922	-0.011370
23985162.279919	-0.014174
23985162.290063	-0.001057
23985162.299942	-0.010457
23985162.309951	-0.006902
23985162.319934	-0.012983
23985162.329976	-0.001762
23985162.339962	-0.008955
23985162.349937	0.028643
23985162.359926	0.020184
23985162.369953	0.010321
23985162.379921	0.001175
23985162.389925	-0.004723
23985162.399951	-0.014612
23985162.409928	-0.012350
23985162.419915	-0.004530
23985162.429925	-0.012917
23985162.439955	-0.014001
23985162.449963	-0.004744
23985162.459917	-0.002029
23985162.469949	-0.011893
23985162.479914	-0.012327
23985162.489928	-0.008597
23985162.499969	-0.003885
23985162.509922	-0.009556
23985162.519954	-0.000138
23985162.529949	-0.008787
23985162.539973	-0.013596
23985162.549915	-0.013979
23985162.559926	0.006953
23985162.569932	-0.002913
23985162.579916	-0.004337
23985162.589922	0.012589
23985162.599952	0.002697
23985162.609953	-0.006414
23985162.619920	-0.011666
23985162.629949	-0.010924
23985162.639948	-0.009673
23985162.649910	-0.006691
23985162.659919	0.004086
23985162.669923	-0.005722
23985162.679864	-0.012127
23985162.689890	-0.002547
23985162.699944	-0.012464
23985162.709939	-0.013007
23985162.719994	-0.007015
23985162.729921	-0.003023
23985162.739935	-0.011728
23985162.749920	-0.010099
23985162.759931	-0.000031
23985162.769925	-0.009856
23985162.779916	-0.012962
23985162.789923	0.000036
23985162.799940	-0.007212
23985162.809916	-0.010800
23985162.819928	-0.007326
23985162.829921	-0.003264
23985162.839919	0.000736
23985162.849922	0.002068
23985162.859921	-0.002103
23985162.869946	-0.010671
23985162.879918	-0.009537
23985162.889917	-0.004977
23985162.899920	-0.007285
23985162.909920	-0.011315
23985162.919920	0.002570
23985162.929931	0.001595
23985162.939919	-0.003605
23985162.949922	-0.008509
23985162.959923	-0.007974
23985162.969928	-0.012109
23985162.979916	-0.001646
23985162.989823	-0.008197
23985162.999947	0.003338
23985163.009995	-0.005698
23985163.019988	-0.008548
23985163.029923	-0.005715
23985163.039919	-0.008329
23985163.049919	-0.008727
23985163.059924	-0.000542
23985163.069933	-0.010306
23985163.079845	0.002283
23985163.089922	0.001328
23985163.099951	-0.007499
23985163.109923	-0.007684
23985163.119916	-0.005768
23985163.129923	-0.005343
23985163.139921	-0.000142
23985163.149917	-0.006199
23985163.159917	0.001413
23985163.169916	-0.000292
23985163.180016	-0.008675
23985163.189937	-0.013249
23985163.199820	-0.012865
23985163.210140	-0.009515
23985163.219929	0.003178
23985163.229986	-0.006668
23985163.239914	0.003397
23985163.249983	0.006329
23985163.259930	-0.003315
23985163.269964	-0.002577
23985163.279890	-0.007292
23985163.289930	-0.001792
23985163.299967	-0.010524
23985163.309980	-0.007575
23985163.319927	0.004483
23985163.329967	-0.005419
23985163.339889	-0.009376
23985163.349881	-0.013230
23985163.359962	-0.012342
23985163.369918	-0.012084
23985163.379927	0.005834
23985163.389962	-0.004075
23985163.399919	-0.013928
23985163.409923	-0.007377
23985163.419872	0.000023
23985163.429954	-0.009698
23985163.439836	-0.004622
23985163.449955	-0.012009
23985163.459926	-0.010935
23985163.469967	-0.012126
23985163.479922	-0.009414
23985163.489857	-0.007494
23985163.499916	-0.005489
23985163.509924	-0.005767
23985163.519927	-0.014326
23985163.529970	-0.013035
23985163.539918	-0.013592
23985163.549918	-0.011312
23985163.559927	-0.013587
23985163.569926	-0.008221
23985163.579965	-0.012067
23985163.589944	-0.013595
23985163.599921	-0.006770
23985163.609922	-0.007123
23985163.619923	-0.009850
23985163.629956	-0.005509
23985163.639983	0.001134
23985163.649920	0.008149
23985163.659915	-0.001667
23985163.669926	-0.004327
23985163.679923	-0.012563
23985163.689952	-0.013101
23985163.699930	-0.004934
23985163.709916	-0.011621
23985163.719952	-0.013181
23985163.729914	-0.008755
23985163.740002	-0.003668
23985163.749927	-0.011859
23985163.759948	-0.012612
23985163.769838	-0.013041
23985163.779920	-0.012167
23985163.789920	-0.011639
23985163.800001	-0.015096
23985163.809920	-0.003147
23985163.819921	-0.012911
23985163.829930	-0.007638
23985163.839939	-0.014735
23985163.849976	-0.013001
23985163.859977	-0.013041
23985163.869938	-0.012711
23985163.880026	0.002184
23985163.889984	0.000239
23985163.900026	-0.004161
23985163.909948	-0.010479
23985163.919925	-0.010209
23985163.929982	-0.007406
23985163.939964	-0.014724
23985163.949954	-0.013532
23985163.960031	0.001416
23985163.969909	0.001208
23985163.979982	-0.008689
23985163.990003	-0.005901
23985164.000025	-0.007767
23985164.009988	-0.011216
23985164.019920	-0.005948
23985164.029927	-0.007350
23985164.040018	0.000408
23985164.049966	0.001030
23985164.059978	-0.008864
23985164.069915	-0.012453
23985164.079922	-0.013472
23985164.089949	-0.013968
23985164.099916	-0.013923
23985164.109985	-0.011877
23985164.119916	-0.014794
23985164.129913	0.001737
23985164.140191	-0.005742
23985164.149926	-0.011709
23985164.159850	-0.013523
23985164.169952	-0.013668
23985164.179969	-0.013006
23985164.189953	-0.013085
23985164.200166	0.000573
23985164.209920	0.001233
23985164.219969	-0.002853
23985164.229935	-0.009552
23985164.239925	-0.012960
23985164.249920	-0.013743
23985164.259914	-0.012689
23985164.269835	-0.009676
23985164.279924	-0.013224
23985164.289949	-0.010209
23985164.299916	-0.010033
23985164.309922	-0.012549
23985164.319958	-0.008549
23985164.329916	-0.006371
23985164.339942	-0.014249
23985164.349969	-0.012737
23985164.359921	0.001164
23985164.369921	-0.008099
23985164.379956	-0.010712
23985164.389921	-0.013367
23985164.399914	-0.012865
23985164.409950	-0.013455
23985164.419963	-0.013051
23985164.429916	-0.011086
23985164.439976	0.000835
23985164.449927	0.000484
23985164.459883	-0.009249
23985164.469920	-0.012049
23985164.479950	-0.013472
23985164.489922	-0.003181
23985164.499912	-0.007061
23985164.509929	-0.013476
23985164.519922	-0.012921
23985164.529916	-0.007003
23985164.539950	0.011592
23985164.549926	0.001972
23985164.559875	-0.005849
23985164.569954	-0.005444
23985164.579946	-0.005525
23985164.589925	-0.014020
23985164.599918	0.001438
23985164.609921	-0.007031
23985164.619967	-0.013643
23985164.629917	-0.012916
23985164.639948	-0.004724
23985164.649943	-0.005418
23985164.659985	-0.009261
23985164.669923	-0.004699
23985164.679955	0.000219
23985164.689919	0.047443
23985164.699915	0.038685
23985164.709924	0.028793
23985164.719949	0.018851
23985164.729937	0.010060
23985164.739963	0.002609
23985164.749923	-0.007214
23985164.759960	0.000498
23985164.769918	-0.007006
23985164.779962	-0.012996
23985164.789975	-0.014655
23985164.799983	-0.005754
23985164.809962	-0.013308
23985164.820232	-0.012335
23985164.830032	-0.013408
23985164.839939	-0.014092
23985164.849942	-0.009152
23985164.860005	-0.006739
23985164.869989	-0.013572
23985164.879932	-0.005833
23985164.889944	-0.002713
23985164.899993	-0.010195
23985164.909954	-0.005146
23985164.919916	0.001371
23985164.929930	-0.005113
23985164.939980	-0.013121
23985164.949926	-0.011574
23985164.959953	-0.012386
23985164.969791	-0.009864
23985164.979949	-0.009350
23985164.989874	-0.012835
23985164.999891	-0.013410
23985165.009978	-0.008350
23985165.019917	-0.003974
23985165.029927	-0.010285
23985165.039951	-0.005045
23985165.049913	-0.003509
23985165.059958	-0.013336
23985165.069949	-0.012742
23985165.079918	-0.013843
23985165.089817	-0.003555
23985165.099878	-0.008279
23985165.109872	-0.009907
23985165.119921	-0.007862
23985165.129952	-0.005608
23985165.139923	-0.004327
23985165.149921	-0.012911
23985165.159917	0.005589
23985165.169932	-0.001535
23985165.179928	-0.011390
23985165.189923	-0.002486
23985165.199913	-0.011060
23985165.209988	-0.011159
23985165.219983	-0.013178
23985165.229882	-0.011550
23985165.239905	0.000318
23985165.249959	-0.007392
23985165.259936	-0.013607
23985165.269939	-0.012270
23985165.279953	-0.012950
23985165.289913	-0.014671
23985165.299949	-0.013128
23985165.309974	-0.013001
23985165.319989	0.000715
23985165.329797	-0.008620
23985165.339930	-0.011775
23985165.349923	-0.013053
23985165.359882	-0.012533
23985165.369926	-0.013923
23985165.379945	-0.012875
23985165.389833	-0.013887
23985165.399919	-0.011786
23985165.409940	-0.008809
23985165.419915	-0.005415
23985165.429932	-0.013551
23985165.439969	-0.010437
23985165.449994	-0.013680
23985165.459935	-0.013071
23985165.469937	-0.013511
23985165.480164	0.007337
23985165.489941	-0.001565
23985165.499964	-0.011473
23985165.509957	-0.014660
23985165.519955	-0.012663
23985165.529975	-0.003844
23985165.539981	-0.012575
23985165.550014	-0.007317
23985165.559953	-0.014891
23985165.569948	-0.008788
23985165.579965	-0.005004
23985165.589943	-0.012800
23985165.599949	-0.012367
23985165.609965	-0.012582
23985165.619955	-0.007578
23985165.629958	-0.012060
23985165.639976	-0.013005
23985165.649792	-0.007745
23985165.659958	-0.012771
23985165.669949	-0.012769
23985165.679919	-0.011103
23985165.689927	-0.010125
23985165.699931	-0.014521
23985165.709940	-0.014792
23985165.719922	-0.015117
23985165.729933	-0.008018
23985165.739948	-0.013094
23985165.749862	-0.009795
23985165.759946	-0.013838
23985165.769926	-0.008191
23985165.779813	-0.012946
23985165.789928	-0.012940
23985165.799921	-0.012499
23985165.809941	-0.006589
23985165.819919	-0.012571
23985165.829929	-0.013632
23985165.839926	-0.013109
23985165.849920	-0.010301
23985165.859928	-0.004448
23985165.869944	-0.012206
23985165.879912	-0.012835
23985165.889926	-0.006908
23985165.899960	-0.013010
23985165.909913	-0.006591
23985165.919961	-0.009901
23985165.929999	-0.013438
23985165.940004	-0.013107
23985165.949921	-0.012898
23985165.959924	-0.013846
23985165.969923	-0.008669
23985165.979942	-0.003635
23985165.989951	-0.010386
23985165.999997	-0.010753
23985166.009934	-0.013406
23985166.019917	-0.011624
23985166.029959	-0.011525
23985166.039988	-0.012854
23985166.049927	-0.006570
23985166.059934	-0.014788
23985166.069930	-0.012729
23985166.079916	-0.012870
23985166.089926	-0.013647
23985166.100036	-0.012704
23985166.109958	-0.007665
23985166.119920	-0.013073
23985166.129990	-0.010122
23985166.139916	0.003425
23985166.149916	-0.004190
23985166.159966	-0.013159
23985166.169949	-0.005456
23985166.179937	-0.010736
23985166.189947	-0.013182
23985166.199942	-0.011714
23985166.209889	-0.007846
23985166.219964	-0.013147
23985166.229949	-0.012924
23985166.239921	-0.012487
23985166.249915	-0.012992
23985166.259928	-0.013997
23985166.269930	-0.012398
23985166.279961	-0.012995
23985166.289946	-0.009563
23985166.299929	-0.012124
23985166.309888	-0.013501
23985166.319921	-0.012952
23985166.329921	-0.011794
23985166.339921	-0.014201
23985166.349933	-0.011226
23985166.359924	0.001838
23985166.369942	-0.008043
23985166.379992	-0.007358
23985166.389960	-0.002771
23985166.399941	-0.012587
23985166.409929	-0.007255
23985166.419989	-0.013014
23985166.429930	-0.006198
23985166.439855	-0.013365
23985166.449970	0.040737
23985166.459949	0.030880
23985166.469920	0.024243
23985166.479915	0.016625
23985166.489945	0.010578
23985166.499944	0.000682
23985166.509916	-0.007964
23985166.519917	-0.013723
23985166.529920	-0.007894
23985166.539943	-0.007771
23985166.549926	-0.012037
23985166.559942	-0.012984
23985166.569914	-0.010731
23985166.579916	-0.012931
23985166.589977	-0.012255
23985166.599926	-0.013923
23985166.609841	-0.000147
23985166.619964	-0.009462
23985166.629924	-0.013265
23985166.639939	-0.004062
23985166.649961	-0.010775
23985166.660022	-0.013060
23985166.669917	-0.013092
23985166.679923	0.001690
23985166.689954	-0.008177
23985166.699978	-0.012633
23985166.709918	-0.007698
23985166.719971	-0.013047
23985166.729947	-0.012674
23985166.739924	-0.013078
23985166.749990	-0.013144
23985166.759926	0.001126
23985166.769993	0.033935
23985166.779932	0.024976
23985166.789949	0.015144
23985166.799915	0.006247
23985166.809946	-0.002874
23985166.819920	-0.011933
23985166.829923	-0.007252
23985166.839985	-0.011748
23985166.849958	0.000012
23985166.859960	-0.009821
23985166.870082	-0.012538
23985166.879940	-0.012957
23985166.889959	-0.013065
23985166.899950	-0.013116
23985166.910048	-0.008218
23985166.919947	-0.011798
23985166.929938	-0.008521
23985166.939947	-0.009462
23985166.949980	-0.013596
23985166.959981	-0.011431
23985166.969916	-0.008467
23985166.979919	-0.008513
23985166.989921	-0.005802
23985166.999916	-0.010981
23985167.009957	0.043865
23985167.019943	0.034292
23985167.029936	0.024491
23985167.039944	0.014986
23985167.049945	0.005459
23985167.059929	-0.004400
23985167.069918	-0.010113
23985167.079918	-0.014052
23985167.089919	-0.009450
23985167.100008	-0.003608
23985167.109928	-0.009870
23985167.119948	-0.012577
23985167.129950	-0.013151
23985167.139916	-0.001775
23985167.149993	-0.003025
23985167.159924	-0.009760
23985167.169915	-0.006004
23985167.179956	-0.004350
23985167.189950	-0.014193
23985167.199982	-0.010932
23985167.209951	-0.013053
23985167.219947	-0.011330
23985167.229919	-0.009762
23985167.240142	-0.009677
23985167.249980	-0.009027
23985167.259967	-0.011692
23985167.269819	-0.013705
23985167.279928	0.004304
23985167.289940	-0.005270
23985167.299915	-0.005377
23985167.309967	-0.011307
23985167.319928	-0.014140
23985167.329925	-0.008617
23985167.339927	-0.013558
23985167.349920	-0.013466
23985167.359943	-0.012266
23985167.369920	-0.012499
23985167.379950	-0.012975
23985167.389949	-0.013377
23985167.399915	-0.014151
23985167.409948	-0.009162
23985167.419941	-0.011800
23985167.430026	-0.012898
23985167.439924	-0.004978
23985167.449948	-0.013310
23985167.459924	-0.012177
23985167.469891	-0.014471
23985167.479920	-0.014048
23985167.489925	-0.007454
23985167.499915	-0.012632
23985167.509930	-0.012919
23985167.519924	-0.003653
23985167.529920	-0.013502
23985167.539966	-0.011305
23985167.549989	-0.011605
23985167.559913	-0.013120
23985167.570035	0.000542
23985167.579944	-0.009136
23985167.589939	-0.012985
23985167.599905	-0.012947
23985167.609921	-0.012929
23985167.619934	-0.012815
23985167.629915	-0.012283
23985167.639991	-0.013171
23985167.649948	-0.009492
23985167.659962	-0.013263
23985167.669917	-0.012058
23985167.679935	-0.013099
23985167.689943	-0.012229
23985167.699889	-0.005843
23985167.709959	-0.011440
23985167.719946	-0.014173
23985167.729915	0.040345
23985167.739952	0.030915
23985167.749992	0.021056
23985167.759929	0.011473
23985167.769917	0.002604
23985167.779992	-0.007363
23985167.789916	-0.004930
23985167.799862	-0.013454
23985167.809920	-0.009031
23985167.819948	-0.013945
23985167.829914	-0.004725
23985167.839929	-0.004153
23985167.849956	-0.014056
23985167.859917	-0.013904
23985167.869927	-0.012919
23985167.879920	-0.013808
23985167.889918	-0.008566
23985167.899920	-0.006618
23985167.909926	-0.012812
23985167.919920	-0.002095
23985167.929907	-0.005648
23985167.939927	-0.013312
23985167.950004	-0.013082
23985167.959945	-0.011826
23985167.969924	-0.006518
23985167.979956	-0.014111
23985167.989932	-0.013795
23985167.999919	-0.008722
23985168.009942	-0.013237
23985168.019922	-0.013305
23985168.030008	-0.013812
23985168.039971	-0.013292
23985168.049930	-0.007340
23985168.059797	-0.003570
23985168.069943	-0.013046
23985168.079951	-0.012355
23985168.089937	-0.007281
23985168.099953	-0.011820
23985168.109941	-0.013488
23985168.119932	-0.011513
23985168.129914	-0.009207
23985168.139832	-0.012852
23985168.149925	-0.015282
23985168.159790	-0.013860
23985168.169941	-0.013382
23985168.179949	-0.012168
23985168.189954	-0.014204
23985168.199944	-0.013966
23985168.209922	-0.009502
23985168.219923	-0.003457
23985168.229919	-0.009130
23985168.239940	-0.013041
23985168.249869	-0.012716
23985168.259945	-0.009401
23985168.270002	-0.013702
23985168.280014	-0.013877
23985168.289941	-0.008131
23985168.299924	-0.012529
23985168.309837	-0.013633
23985168.319919	-0.006887
23985168.329918	-0.012307
23985168.339956	-0.013075
23985168.349958	-0.014770
23985168.359990	-0.014520
23985168.369946	-0.008833
23985168.379931	-0.012322
23985168.389918	-0.014143
23985168.399936	-0.013123
23985168.409953	-0.013034
23985168.419916	-0.014047
23985168.429923	-0.011688
23985168.439948	-0.014072
23985168.449918	-0.008351
23985168.459916	-0.011360
23985168.469831	-0.012792
23985168.479944	-0.004354
23985168.489822	-0.013116
23985168.499943	-0.013210
23985168.509921	-0.011290
23985168.519915	-0.014635
23985168.529951	-0.008519
23985168.539947	-0.012488
23985168.549914	-0.003719
23985168.559934	-0.008887
23985168.569959	-0.006157
23985168.579969	-0.013876
23985168.589959	-0.014130
23985168.599932	-0.012796
23985168.609957	-0.007824
23985168.619967	-0.011725
23985168.629933	-0.004914
23985168.639962	-0.005490
23985168.649938	-0.013867
23985168.659930	-0.013550
23985168.669937	-0.012967
23985168.679941	-0.012974
23985168.689934	-0.010614
23985168.699943	-0.015697
23985168.709961	-0.016529
23985168.719997	-0.014406
23985168.729975	-0.013567
23985168.739960	-0.016676
23985168.749913	-0.016440
23985168.759958	-0.015661
23985168.769926	-0.012240
23985168.779917	-0.015644
23985168.789929	-0.015574
23985168.799942	-0.015569
23985168.809948	-0.016503
23985168.819954	-0.016610
23985168.829917	-0.016445
23985168.839948	-0.016620
23985168.849915	-0.010301
23985168.859953	-0.015609
23985168.869942	-0.016483
23985168.879942	-0.015457
23985168.889920	-0.008594
23985168.899939	-0.016458
23985168.909957	-0.015381
23985168.919913	-0.016652
23985168.929932	-0.012442
23985168.939949	-0.016610
23985168.949827	-0.016203
23985168.959951	-0.012435
23985168.969946	-0.016605
23985168.979923	-0.016676
23985168.989926	-0.016664
23985168.999944	-0.016689
23985169.009923	-0.012130
23985169.019937	-0.005485
23985169.029955	-0.015382
23985169.039948	-0.016663
23985169.049917	-0.016358
23985169.059922	-0.012539
23985169.069920	-0.009462
23985169.079940	-0.016627
23985169.089925	-0.012212
23985169.099956	-0.015451
23985169.109894	-0.009179
23985169.119915	-0.016321
23985169.129919	-0.016468
23985169.139964	-0.008302
23985169.149913	-0.004644
23985169.159825	-0.014376
23985169.169962	-0.003562
23985169.179925	-0.013331
23985169.189919	-0.016560
23985169.199946	-0.016532
23985169.209939	-0.009410
23985169.219941	-0.016580
23985169.229944	-0.015474
23985169.239927	-0.001067
23985169.249920	-0.007062
23985169.259928	-0.016725
23985169.269928	-0.008402
23985169.279915	-0.008544
23985169.289928	-0.005629
23985169.299920	-0.015450
23985169.309916	-0.016546
23985169.319925	-0.001615
23985169.329949	-0.011488
23985169.339944	-0.015662
23985169.349920	-0.014339
23985169.359919	-0.016623
23985169.369948	-0.016622
23985169.379915	-0.010302
23985169.389941	-0.016599
23985169.399926	-0.016633
23985169.409962	-0.012297
23985169.419941	-0.016678
23985169.429945	-0.015516
23985169.439914	-0.016366
23985169.449900	-0.016648
23985169.459926	-0.016412
23985169.469940	-0.016648
23985169.479915	-0.016576
23985169.489927	-0.012440
23985169.499924	-0.015604
23985169.509807	-0.005407
23985169.519953	-0.014461
23985169.529929	-0.016556
23985169.539923	-0.008423
23985169.549943	-0.012677
23985169.559860	-0.012943
23985169.569971	-0.008584
23985169.579839	-0.005869
23985169.589929	-0.012849
23985169.599919	-0.013000
23985169.609915	-0.010278
23985169.619919	-0.009036
23985169.629922	-0.014363
23985169.639921	0.003126
23985169.649920	0.002140
23985169.659943	-0.004213
23985169.669821	-0.012918
23985169.679916	-0.007017
23985169.689947	-0.004363
23985169.699952	-0.013306
23985169.709914	-0.006807
23985169.719943	-0.012329
23985169.729961	-0.004716
23985169.739891	0.000034
23985169.749919	-0.008619
23985169.759928	-0.013251
23985169.769916	-0.005786
23985169.779913	-0.004986
23985169.789948	-0.012435
23985169.799958	-0.011516
23985169.809841	0.000835
23985169.819923	-0.008605
23985169.829921	-0.012941
23985169.839901	-0.013869
23985169.849924	-0.007624
23985169.859917	-0.011870
23985169.869923	-0.011958
23985169.879920	-0.013102
23985169.889919	-0.002047
23985169.899921	-0.011901
23985169.909813	-0.011417
23985169.919928	-0.013196
23985169.929933	-0.012975
23985169.939842	-0.013763
23985169.949936	-0.013149
23985169.959834	0.000724
23985169.969916	-0.007545
23985169.979941	-0.010403
23985169.989947	-0.014063
23985169.999915	-0.013293
23985170.009922	-0.009211
23985170.019932	-0.011777
23985170.029948	-0.013492
23985170.039919	-0.013495
23985170.049933	-0.008995
23985170.059923	-0.013982
23985170.069934	-0.007079
23985170.079943	-0.013014
23985170.089939	-0.012868
23985170.099939	-0.011248
23985170.109934	-0.011300
23985170.119949	-0.014896
23985170.129952	-0.008368
23985170.139919	-0.003933
23985170.149927	-0.012410
23985170.159923	-0.013219
23985170.169917	-0.014256
23985170.179949	-0.013416
23985170.189922	-0.013655
23985170.199914	-0.014386
23985170.209941	-0.006816
23985170.219862	-0.014373
23985170.229981	-0.012178
23985170.239919	-0.014141
23985170.249965	-0.013885
23985170.259962	-0.013110
23985170.269914	-0.005072
23985170.279967	-0.013707
23985170.289962	-0.009187
23985170.299915	-0.010929
23985170.309920	-0.011182
23985170.319922	-0.012927
23985170.329926	-0.013056
23985170.339928	-0.007516
23985170.349927	-0.011061
23985170.359928	-0.013808
23985170.369916	-0.006370
23985170.379923	-0.013430
23985170.389867	-0.014444
23985170.399924	-0.008482
23985170.409922	-0.013615
23985170.419973	-0.013111
23985170.430216	-0.005040
23985170.439939	-0.014602
23985170.449837	-0.008521
23985170.459935	-0.011349
23985170.469928	-0.014556
23985170.480030	-0.004267
23985170.489974	-0.013018
23985170.499914	-0.012272
23985170.509959	-0.013589
23985170.519936	-0.013715
23985170.529936	-0.008045
23985170.539922	-0.014536
23985170.549947	-0.012855
23985170.559959	-0.013593
23985170.569914	-0.013016
23985170.579947	-0.012286
23985170.589933	-0.005176
23985170.599914	0.001887
23985170.609954	-0.006232
23985170.619936	-0.012480
23985170.629916	-0.005731
23985170.639962	-0.013130
23985170.649933	-0.009445
23985170.659947	-0.011547
23985170.669922	-0.013191
23985170.679920	-0.013817
23985170.689949	-0.008518
23985170.699916	-0.005818
23985170.709921	-0.012901
23985170.719945	-0.008258
23985170.729911	-0.014017
23985170.739945	-0.013479
23985170.749970	-0.012240
23985170.759916	-0.014469
23985170.769925	-0.009267
23985170.779955	-0.011388
23985170.789922	-0.013172
23985170.799909	-0.008082
23985170.809932	-0.013409
23985170.819923	-0.013165
23985170.829916	-0.014843
23985170.839947	-0.013191
23985170.849941	-0.009026
23985170.859918	-0.012873
23985170.869920	-0.008223
23985170.879942	-0.012902
23985170.889981	-0.012268
23985170.899940	-0.013659
23985170.909911	-0.011645
23985170.919922	-0.011606
23985170.929791	-0.009467
23985170.939951	-0.011415
23985170.949922	-0.013712
23985170.959927	-0.013257
23985170.969921	-0.013288
23985170.979932	-0.011598
23985170.989924	-0.014254
23985170.999918	-0.013233
23985171.009925	-0.008312
23985171.019920	-0.011029
23985171.030002	-0.013065
23985171.039958	-0.013338
23985171.049936	-0.012808
23985171.059980	-0.008915
23985171.069951	-0.012956
23985171.079956	-0.013099
23985171.089925	-0.007249
23985171.099926	-0.012824
23985171.109928	-0.013913
23985171.119942	-0.012990
23985171.129839	-0.011789
23985171.139948	-0.013479
23985171.149942	-0.012983
23985171.159968	-0.014557
23985171.169966	-0.008294
23985171.179951	-0.013048
23985171.189922	-0.013441
23985171.199921	-0.011367
23985171.209957	-0.010687
23985171.219952	-0.013275
23985171.229916	-0.012953
23985171.239960	-0.014816
23985171.249925	-0.009109
23985171.259873	-0.010582
23985171.269942	-0.011788
23985171.279977	-0.014142
23985171.289923	-0.013003
23985171.299923	-0.013269
23985171.309922	-0.013663
23985171.319947	-0.013721
23985171.329921	0.036322
23985171.339933	0.026467
23985171.349956	0.017117
23985171.359953	0.007243
23985171.369958	0.000508
23985171.379929	-0.009313
23985171.389916	-0.012357
23985171.399962	-0.013168
23985171.409972	-0.008475
23985171.420185	-0.011196
23985171.429928	-0.013696
23985171.439962	-0.013066
23985171.449927	-0.012966
23985171.460000	-0.011803
23985171.469933	-0.006035
23985171.479930	-0.014045
23985171.489973	-0.008646
23985171.499969	-0.013496
23985171.509940	-0.013629
23985171.519919	-0.005499
23985171.529932	-0.011428
23985171.539970	-0.011883
23985171.549969	-0.012598
23985171.559987	0.001098
23985171.569931	-0.008458
23985171.579970	-0.011822
23985171.590002	-0.004694
23985171.599948	-0.007789
23985171.609923	-0.007238
23985171.619922	-0.003860
23985171.629923	-0.012071
23985171.639930	-0.013973
23985171.649920	-0.008787
23985171.659916	-0.013618
23985171.669931	-0.012216
23985171.679949	-0.013389
23985171.689904	0.000297
23985171.699919	0.003740
23985171.709943	-0.006129
23985171.719926	-0.010412
23985171.729842	0.001708
23985171.739947	-0.008103
23985171.749928	-0.014697
23985171.759809	-0.010680
23985171.769919	-0.002779
23985171.779934	-0.010341
23985171.789940	-0.014561
23985171.799920	-0.013132
23985171.809926	-0.008737
23985171.819828	-0.009166
23985171.829840	-0.002503
23985171.839936	-0.005406
23985171.849928	-0.012978
23985171.859786	-0.010881
23985171.869931	-0.013043
23985171.879928	-0.013109
23985171.889917	0.008698
23985171.899951	-0.001143
23985171.909928	-0.011008
23985171.919937	0.000745
23985171.929941	-0.008949
23985171.939922	-0.011660
23985171.949852	-0.007948
23985171.959940	-0.013330
23985171.969919	-0.008797
23985171.979949	-0.013299
23985171.989920	-0.013041
23985171.999932	-0.013147
23985172.009952	-0.012075
23985172.019894	-0.012639
23985172.029919	-0.011651
23985172.039849	-0.014318
23985172.049915	-0.009181
23985172.059924	-0.010355
23985172.069926	-0.013376
23985172.079942	-0.013458
23985172.089916	-0.011702
23985172.099941	-0.012486
23985172.109922	-0.014114
23985172.119914	-0.013048
23985172.129929	-0.009023
23985172.139924	-0.012957
23985172.149915	-0.013733
23985172.159915	-0.008647
23985172.169921	-0.013075
23985172.179914	-0.012923
23985172.189965	-0.013448
23985172.199924	-0.012990
23985172.209945	-0.008665
23985172.219976	-0.012453
23985172.229950	-0.012599
23985172.239924	-0.011633
23985172.249860	-0.013118
23985172.259939	-0.013703
23985172.269920	-0.013678
23985172.279915	-0.011429
23985172.289915	0.008077
23985172.299943	-0.001780
23985172.310061	-0.011003
23985172.319916	-0.006556
23985172.329919	-0.012920
23985172.339924	-0.011596
23985172.349954	-0.006620
23985172.359917	-0.014539
23985172.369944	-0.007848
23985172.379914	-0.007487
23985172.389924	-0.012189
23985172.399921	-0.013045
23985172.409945	-0.007105
23985172.419915	-0.006817
23985172.429923	-0.013906
23985172.439947	-0.012687
23985172.449916	0.000127
23985172.459920	-0.009458
23985172.469925	-0.012946
23985172.479914	-0.012995
23985172.489930	-0.012841
23985172.499930	-0.015078
23985172.509930	-0.011147
23985172.519929	0.001479
23985172.529943	-0.007927
23985172.539935	-0.001980
23985172.549921	-0.010553
23985172.559946	-0.011076
23985172.569929	-0.009030
23985172.579917	-0.008841
23985172.589953	-0.013297
23985172.599924	-0.012255
23985172.609915	-0.005800
23985172.619941	-0.013595
23985172.629941	-0.014050
23985172.639943	-0.013209
23985172.649921	-0.006140
23985172.659920	-0.013505
23985172.669951	-0.011368
23985172.679959	-0.011096
23985172.689944	-0.008126
23985172.699942	-0.011175
23985172.709916	-0.007033
23985172.719918	-0.012332
23985172.729947	-0.012960
23985172.739919	-0.012737
23985172.749921	-0.013711
23985172.759948	-0.011668
23985172.769928	-0.007648
23985172.779917	-0.013038
23985172.789926	-0.009446
23985172.799924	-0.014255
23985172.809916	-0.011955
23985172.819918	-0.013564
23985172.829945	-0.013139
23985172.839921	-0.012965
23985172.849963	-0.008565
23985172.859900	-0.011312
23985172.869958	-0.013060
23985172.879914	-0.005991
23985172.889945	-0.013053
23985172.899945	-0.012956
23985172.909953	-0.013926
23985172.919941	-0.012972
23985172.929932	-0.000684
23985172.939921	-0.009122
23985172.949930	-0.013007
23985172.959872	-0.013623
23985172.969937	-0.013996
23985172.979915	-0.006273
23985172.989942	-0.006268
23985172.999953	-0.013311
23985173.009842	-0.006182
23985173.019929	-0.012584
23985173.029946	-0.013217
23985173.039946	-0.013032
23985173.049947	-0.005362
23985173.059947	-0.013167
23985173.069921	-0.013143
23985173.079921	0.001345
23985173.089945	-0.008557
23985173.099958	-0.010974
23985173.109890	-0.010608
23985173.119947	-0.013669
23985173.129946	-0.011981
23985173.139937	-0.012071
23985173.149938	-0.014550
23985173.159938	-0.013565
23985173.169914	-0.005706
23985173.179924	-0.011257
23985173.189927	-0.012660
23985173.199943	-0.013020
23985173.209869	-0.008486
23985173.219926	-0.012955
23985173.229923	-0.013782
23985173.239938	-0.010334
23985173.249921	-0.008687
23985173.259952	-0.013489
23985173.269917	-0.014127
23985173.279945	-0.012292
23985173.289921	-0.013666
23985173.299938	-0.011469
23985173.309931	-0.012991
23985173.319926	-0.013745
23985173.329948	-0.009098
23985173.339916	-0.000986
23985173.349922	-0.009710
23985173.359942	-0.013578
23985173.369918	-0.009398
23985173.379926	-0.014278
23985173.389942	-0.013014
23985173.399916	-0.012890
23985173.409925	-0.007305
23985173.419975	-0.013305
23985173.429932	-0.006463
23985173.439929	-0.009592
23985173.449920	-0.013222
23985173.459920	-0.003289
23985173.469912	-0.012544
23985173.479922	-0.012252
23985173.489922	-0.008880
23985173.499938	-0.002194
23985173.509946	-0.002309
23985173.519974	-0.004661
23985173.529965	-0.005449
23985173.539915	-0.008829
23985173.549919	-0.003779
23985173.559938	0.000719
23985173.569915	-0.004275
23985173.579923	-0.013943
23985173.589948	-0.012118
23985173.599916	-0.014250
23985173.609922	-0.008336
23985173.619947	-0.013114
23985173.629923	-0.005757
23985173.639931	0.001109
23985173.649938	-0.007447
23985173.659975	-0.003916
23985173.669895	-0.009791
23985173.679959	-0.013285
23985173.689977	-0.011353
23985173.699916	-0.013085
23985173.709952	-0.012969
23985173.719941	-0.014239
23985173.730168	-0.008103
23985173.739933	-0.012395
23985173.749944	-0.013388
23985173.759926	-0.012643
23985173.769962	-0.010624
23985173.779969	-0.011486
23985173.789957	-0.006281
23985173.799917	-0.015270
23985173.809885	0.000873
23985173.819919	0.002502
23985173.829921	0.001320
23985173.839923	-0.007219
23985173.849952	-0.012152
23985173.859928	-0.013065
23985173.869925	-0.013595
23985173.879979	-0.013223
23985173.889925	-0.007931
23985173.899876	-0.013362
23985173.909919	-0.012096
23985173.919921	-0.013691
23985173.929920	-0.009423
23985173.939797	-0.013103
23985173.949920	-0.013018
23985173.959922	-0.013784
23985173.969867	-0.007302
23985173.979925	-0.012436
23985173.989921	-0.007311
23985173.999954	-0.006611
23985174.009946	-0.013099
23985174.019920	-0.013064
23985174.029915	-0.008300
23985174.039919	0.001255
23985174.049928	-0.007098
23985174.059922	-0.011730
23985174.069939	-0.012701
23985174.079830	-0.002715
23985174.090003	-0.005321
23985174.099821	-0.010613
23985174.109937	-0.011505
23985174.119960	-0.011781
23985174.129970	-0.007043
23985174.139918	-0.001812
23985174.149917	-0.011223
23985174.159939	-0.013499
23985174.169929	-0.011687
23985174.179924	-0.008310
23985174.189923	-0.012051
23985174.199918	-0.013287
23985174.209921	-0.008820
23985174.219941	-0.004545
23985174.229945	-0.013110
23985174.239799	-0.013055
23985174.249941	-0.013262
23985174.259925	-0.008534
23985174.269957	-0.012130
23985174.279908	-0.013024
23985174.289894	0.020982
23985174.299989	0.018122
23985174.309940	0.008543
23985174.319945	-0.001115
23985174.329920	-0.010637
23985174.339919	-0.006461
23985174.349917	-0.014445
23985174.359941	-0.013058
23985174.369938	0.000190
23985174.379926	-0.009451
23985174.389925	-0.013032
23985174.399950	-0.010494
23985174.409813	-0.014481
23985174.419985	-0.014446
23985174.429927	-0.010797
23985174.439912	-0.011499
23985174.449920	-0.000601
23985174.459876	-0.009508
23985174.469948	-0.014138
23985174.479914	-0.013190
23985174.489920	-0.013156
23985174.499942	-0.013127
23985174.509919	-0.014486
23985174.519917	-0.013288
23985174.530143	-0.008692
23985174.539940	-0.012986
23985174.549920	-0.014001
23985174.559962	-0.013690
23985174.569919	-0.013762
23985174.580184	-0.011560
23985174.589998	-0.014206
23985174.599921	-0.014802
23985174.609898	-0.007226
23985174.619915	-0.010028
23985174.629991	-0.013077
23985174.639916	-0.013552
23985174.649919	-0.008379
23985174.659914	-0.001633
23985174.669915	-0.009550
23985174.679928	-0.013156
23985174.689919	0.000680
23985174.699922	-0.006929
23985174.709881	-0.007407
23985174.719916	-0.001923
23985174.729918	-0.007327
23985174.739928	-0.005411
23985174.749925	-0.009783
23985174.759921	0.017529
23985174.769919	0.008710
23985174.779915	-0.000849
23985174.789919	-0.008838
23985174.799949	-0.009428
23985174.809916	-0.007450
23985174.819928	-0.011732
23985174.829888	-0.004285
23985174.839950	0.041692
23985174.849939	0.032967
23985174.859922	0.023119
23985174.869926	0.013193
23985174.880254	0.004977
23985174.889920	-0.004276
23985174.899915	-0.006205
23985174.910138	-0.009096
23985174.919808	-0.012970
23985174.929938	-0.007288
23985174.939919	-0.002384
23985174.949912	-0.006635
23985174.959948	-0.012736
23985174.969918	-0.011049
23985174.979932	-0.011881
23985174.989923	-0.011510
23985174.999919	-0.013000
23985175.009916	0.000642
23985175.019919	-0.007962
23985175.029916	-0.013554
23985175.039919	-0.012833
23985175.049891	-0.013423
23985175.059905	-0.013620
23985175.069942	-0.011868
23985175.079920	-0.014959
23985175.089925	-0.008938
23985175.099927	-0.014029
23985175.109898	-0.013555
23985175.119925	-0.014172
23985175.129922	-0.006247
23985175.139918	-0.010970
23985175.149929	-0.013069
23985175.159923	0.000833
23985175.169928	-0.008901
23985175.179929	-0.013522
23985175.189945	-0.012665
23985175.199920	-0.012161
23985175.209923	-0.013299
23985175.219919	-0.013077
23985175.229911	-0.013028
23985175.239947	-0.013240
23985175.249933	-0.008364
23985175.259919	-0.009201
23985175.269944	-0.012568
23985175.279943	-0.012867
23985175.289919	-0.013438
23985175.299948	-0.011642
23985175.309921	-0.014910
23985175.319915	-0.013489
23985175.329925	-0.000324
23985175.339952	-0.010230
23985175.349915	-0.007123
23985175.359923	-0.013513
23985175.369929	-0.012955
23985175.379920	-0.011411
23985175.389930	-0.008586
23985175.399921	0.002119
23985175.409941	-0.007187
23985175.419946	-0.003012
23985175.429929	-0.009370
23985175.439934	-0.012980
23985175.449918	-0.006925
23985175.459923	-0.005141
23985175.469963	-0.013907
23985175.479967	-0.011699
23985175.489916	-0.003329
23985175.499921	-0.011388
23985175.509934	-0.012718
23985175.519900	-0.012744
23985175.529940	-0.011840
23985175.539950	-0.012080
23985175.549921	-0.010938
23985175.559952	-0.014446
23985175.569948	-0.009279
23985175.579850	-0.008971
23985175.589841	-0.007193
23985175.599925	-0.003983
23985175.609917	-0.013883
23985175.619954	-0.013474
23985175.629942	-0.012994
23985175.639920	-0.014289
23985175.649982	-0.008561
23985175.659819	-0.012537
23985175.669942	-0.011415
23985175.679926	-0.012902
23985175.689919	-0.012016
23985175.699958	-0.013076
23985175.710158	-0.011677
23985175.719975	0.002866
23985175.729927	0.041050
23985175.739961	0.031317
23985175.749904	0.022278
23985175.759927	0.013986
23985175.769982	0.004047
23985175.779988	-0.005194
23985175.789990	-0.011904
23985175.799970	-0.014092
23985175.809857	-0.007487
23985175.819982	-0.013189
23985175.829959	-0.014604
23985175.839938	-0.013005
23985175.850063	-0.013894
23985175.859984	-0.013092
23985175.869944	-0.011612
23985175.879942	-0.014158
23985175.889960	-0.005835
23985175.899961	-0.002036
23985175.909914	-0.010076
23985175.919841	-0.013536
23985175.929920	-0.004683
23985175.939946	-0.012520
23985175.949959	-0.012120
23985175.959919	-0.013127
23985175.969919	-0.009081
23985175.979919	-0.013473
23985175.989923	-0.014503
23985175.999950	-0.012702
23985176.010007	-0.004716
23985176.019919	-0.012540
23985176.029926	-0.012677
23985176.039919	-0.011340
23985176.049873	-0.001773
23985176.059917	-0.002214
23985176.069921	-0.010614
23985176.079946	-0.013403
23985176.089931	-0.008510
23985176.099931	-0.013713
23985176.109910	-0.012402
23985176.119872	-0.012894
23985176.129956	0.001328
23985176.139922	-0.004815
23985176.149919	-0.008584
23985176.159917	-0.013564
23985176.169921	-0.013027
23985176.179916	-0.012916
23985176.189935	-0.011114
23985176.199925	-0.013281
23985176.209909	-0.007935
23985176.219919	-0.011690
23985176.229928	-0.013220
23985176.239921	-0.013750
23985176.249990	-0.006788
23985176.259931	-0.012934
23985176.269937	-0.013558
23985176.279981	-0.013713
23985176.289960	-0.008007
23985176.299946	-0.013341
23985176.309955	-0.011556
23985176.319930	-0.010722
23985176.329943	-0.012169
23985176.339907	-0.013182
23985176.349838	-0.007666
23985176.359919	-0.014982
23985176.369918	-0.007846
23985176.379915	-0.003086
23985176.389943	-0.011481
23985176.399946	-0.013072
23985176.409916	-0.011234
23985176.419917	-0.013036
23985176.429944	-0.012983
23985176.439923	0.002495
23985176.449922	0.002157
23985176.459928	-0.007571
23985176.469914	-0.011721
23985176.479971	-0.008553
23985176.489948	-0.010657
23985176.499933	-0.007090
23985176.509821	-0.006097
23985176.519921	-0.013171
23985176.529925	-0.008104
23985176.539915	-0.003326
23985176.549926	-0.011929
23985176.559924	-0.013476
23985176.569912	-0.014288
23985176.579997	-0.011483
23985176.589940	-0.013610
23985176.599922	0.002083
23985176.609919	0.001821
23985176.619919	-0.007837
23985176.629969	-0.013171
23985176.639918	-0.013493
23985176.649945	-0.013731
23985176.659952	-0.012607
23985176.669920	-0.013769
23985176.679938	0.001769
23985176.689962	-0.008075
23985176.699921	-0.011533
23985176.709954	-0.014105
23985176.719930	-0.013210
23985176.729942	-0.012345
23985176.739916	-0.008989
23985176.749931	-0.012565
23985176.759956	-0.013024
23985176.769956	-0.007494
23985176.779924	-0.012995
23985176.789931	-0.014474
23985176.799922	-0.013289
23985176.809935	-0.003280
23985176.819981	-0.013151
23985176.829923	-0.013016
23985176.839918	0.001325
23985176.849928	-0.007892
23985176.859950	-0.004399
23985176.869804	-0.013675
23985176.879935	-0.003441
23985176.889947	-0.013307
23985176.899925	-0.014491
23985176.909927	-0.012122
23985176.919942	-0.012348
23985176.929940	-0.009103
23985176.939966	-0.014572
23985176.949926	-0.004461
23985176.959926	-0.014051
23985176.969923	-0.012950
23985176.979943	-0.012925
23985176.989937	-0.010886
23985176.999801	0.002435
23985177.009919	0.001865
23985177.019954	-0.008011
23985177.029931	-0.011772
23985177.039819	-0.012891
23985177.049921	-0.013354
23985177.059948	-0.004641
23985177.069990	-0.009119
23985177.079921	-0.012367
23985177.089931	-0.007197
23985177.099995	-0.006246
23985177.109920	-0.000804
23985177.119946	-0.010677
23985177.129917	-0.008069
23985177.139925	-0.006849
23985177.149942	-0.011110
23985177.159922	-0.014416
23985177.169916	0.001481
23985177.179940	-0.003010
23985177.189949	-0.012877
23985177.199903	-0.004623
23985177.209923	-0.001800
23985177.219936	-0.011687
23985177.229923	-0.014282
23985177.239930	0.002887
23985177.249936	-0.006851
23985177.259993	-0.013112
23985177.269995	-0.013630
23985177.279938	-0.013094
23985177.290006	-0.013089
23985177.299972	-0.013381
23985177.309937	-0.004997
23985177.319940	0.000285
23985177.329947	-0.006585
23985177.339956	-0.002671
23985177.349923	-0.012041
23985177.359915	-0.012803
23985177.369921	-0.009880
23985177.379923	-0.013626
23985177.389956	-0.004509
23985177.399919	0.002388
23985177.409947	-0.006369
23985177.419962	-0.013855
23985177.429917	-0.013507
23985177.439946	-0.012178
23985177.449975	-0.005708
23985177.459914	-0.013315
23985177.469924	-0.011965
23985177.479920	-0.013244
23985177.489966	-0.009039
23985177.499990	-0.000214
23985177.509919	-0.009004
23985177.519939	-0.003709
23985177.529956	-0.004764
23985177.539925	-0.011205
23985177.549922	-0.013509
23985177.559942	-0.013882
23985177.569889	-0.007579
23985177.579943	-0.013141
23985177.589926	-0.013554
23985177.599915	-0.013061
23985177.609937	-0.005053
23985177.619957	-0.012724
23985177.629991	-0.013713
23985177.639939	-0.013529
23985177.649972	-0.008171
23985177.659932	-0.004274
23985177.669956	-0.008462
23985177.679924	-0.012600
23985177.689920	-0.004113
23985177.699916	-0.011630
23985177.709925	-0.011117
23985177.719927	-0.012966
23985177.729917	-0.006553
23985177.739937	-0.005410
23985177.749970	-0.013160
23985177.759990	-0.013944
23985177.769919	-0.007119
23985177.779925	-0.007200
23985177.789918	-0.005929
23985177.799836	0.001855
23985177.809942	-0.000233
23985177.819942	-0.004554
23985177.830038	-0.009574
23985177.839915	-0.014694
23985177.849928	-0.013942
23985177.859919	-0.014433
23985177.869946	-0.013223
23985177.879934	-0.013278
23985177.890069	-0.005573
23985177.899940	-0.009897
23985177.909943	-0.013127
23985177.919915	-0.012919
23985177.929895	-0.009699
23985177.939929	-0.013623
23985177.949941	-0.012663
23985177.959916	-0.014131
23985177.969920	-0.007998
23985177.979924	-0.012063
23985177.989969	-0.002895
23985177.999881	-0.011693
23985178.009925	-0.013969
23985178.019917	-0.013163
23985178.029787	-0.008491
23985178.039930	-0.013281
23985178.049951	-0.007635
23985178.059916	-0.007283
23985178.069927	-0.008547
23985178.079973	-0.013439
23985178.089924	-0.002876
23985178.099940	-0.003251
23985178.109948	-0.013223
23985178.119914	0.001156
23985178.129912	-0.006856
23985178.139977	-0.012393
23985178.149952	-0.013904
23985178.159983	-0.004636
23985178.169945	-0.012461
23985178.179958	-0.013542
23985178.189996	-0.013056
23985178.199936	-0.015237
23985178.209965	-0.008987
23985178.219922	-0.013456
23985178.229841	-0.012859
23985178.239970	-0.010686
23985178.249935	-0.013216
23985178.259955	-0.013414
23985178.269959	-0.013459
23985178.279964	-0.014323
23985178.289998	-0.006306
23985178.299945	-0.004374
23985178.309968	-0.012107
23985178.319960	-0.008411
23985178.329923	-0.013252
23985178.339944	-0.013181
23985178.349917	-0.013112
23985178.359940	-0.015021
23985178.369943	-0.008410
23985178.379926	-0.013078
23985178.389879	-0.007884
23985178.399946	-0.013012
23985178.409926	-0.012929
23985178.419919	-0.013246
23985178.429930	-0.011711
23985178.439937	-0.013645
23985178.449922	-0.007242
23985178.459928	-0.001290
23985178.469921	-0.010961
23985178.479928	-0.013383
23985178.489933	-0.012817
23985178.499928	-0.011203
23985178.509940	-0.012984
23985178.519914	0.003290
23985178.529839	0.002608
23985178.539960	-0.007340
23985178.549938	-0.012534
23985178.559925	-0.013035
23985178.569930	-0.014026
23985178.579924	-0.012099
23985178.589923	-0.002633
23985178.599958	0.002344
23985178.609951	-0.007478
23985178.619917	-0.004412
23985178.629928	-0.010626
23985178.639966	-0.008372
23985178.649919	-0.013625
23985178.659916	-0.013918
23985178.669964	-0.012473
23985178.679915	-0.013499
23985178.689970	-0.003373
23985178.699931	-0.013168
23985178.709920	-0.013701
23985178.719918	-0.013061
23985178.729920	-0.013188
23985178.739924	-0.013010
23985178.749927	-0.009248
23985178.759916	0.002319
23985178.769925	-0.007498
23985178.779915	-0.012427
23985178.789919	-0.006951
23985178.799953	-0.013092
23985178.809932	-0.011534
23985178.819917	-0.013811
23985178.829927	-0.012143
23985178.839928	-0.012674
23985178.849916	-0.008194
23985178.859924	-0.012778
23985178.869945	-0.013590
23985178.879919	-0.013057
23985178.889917	-0.000950
23985178.899951	-0.005598
23985178.909937	-0.014054
23985178.919916	0.001875
23985178.929925	-0.006981
23985178.939944	-0.012126
23985178.949917	-0.005357
23985178.959942	-0.010752
23985178.969948	-0.005161
23985178.979922	-0.013547
23985178.989918	-0.001540
23985178.999958	-0.011412
23985179.009916	-0.008694
23985179.019985	-0.010447
23985179.029927	-0.005065
23985179.039922	-0.011652
23985179.049879	-0.011100
23985179.059920	-0.011640
23985179.069947	-0.007486
23985179.079874	-0.012095
23985179.089923	-0.007675
23985179.099932	-0.011091
23985179.109916	-0.013733
23985179.119989	-0.006444
23985179.129919	-0.011350
23985179.139951	-0.012538
23985179.149899	-0.007006
23985179.159928	-0.011644
23985179.169920	-0.008427
23985179.179916	-0.013050
23985179.189920	-0.012982
23985179.199938	-0.014371
23985179.209926	-0.012902
23985179.219916	-0.013135
23985179.229919	-0.006518
23985179.239936	-0.013528
23985179.249925	0.036076
23985179.259916	0.026516
23985179.269951	0.016676
23985179.279916	0.007963
23985179.289923	0.000343
23985179.299963	-0.009576
23985179.309915	-0.012951
23985179.319919	-0.013663
23985179.329928	-0.009512
23985179.339922	-0.011896
23985179.349916	-0.012850
23985179.359950	-0.001253
23985179.369946	-0.011077
23985179.379915	-0.013632
23985179.389927	-0.010985
23985179.399922	-0.014663
23985179.409956	-0.007757
23985179.419923	-0.012957
23985179.429942	-0.007101
23985179.439937	-0.013618
23985179.449923	-0.006258
23985179.459954	-0.010747
23985179.469969	-0.013096
23985179.479915	-0.013399
23985179.489927	-0.009191
23985179.499925	-0.014119
23985179.509922	-0.012545
23985179.519917	-0.008669
23985179.529941	-0.012517
23985179.539920	0.043139
23985179.549958	0.033846
23985179.559922	0.024029
23985179.569917	0.014135
23985179.579919	0.005653
23985179.589958	-0.002499
23985179.599949	-0.012230
23985179.609924	-0.013284
23985179.619938	-0.013306
23985179.629939	-0.012186
23985179.639993	-0.014113
23985179.649913	0.005651
23985179.659958	-0.004208
23985179.669916	-0.010231
23985179.679919	-0.012560
23985179.689950	-0.014141
23985179.699948	-0.013217
23985179.709827	-0.000196
23985179.719943	-0.009557
23985179.729946	-0.009016
23985179.739914	-0.007535
23985179.749927	-0.000891
23985179.759924	-0.002630
23985179.770038	-0.010136
23985179.780006	-0.012528
23985179.789937	-0.011734
23985179.799955	-0.012929
23985179.809975	-0.006614
23985179.819930	-0.012900
23985179.829989	-0.013396
23985179.840088	-0.013388
23985179.849945	-0.012921
23985179.859960	-0.013194
23985179.869938	-0.014120
23985179.879928	0.001404
23985179.889943	-0.008446
23985179.899944	-0.013030
23985179.910097	-0.013667
23985179.919964	-0.010715
23985179.929958	-0.012500
23985179.939934	-0.013535
23985179.949919	-0.013364
23985179.959949	0.000862
23985179.969917	0.000579
23985179.979926	-0.000958
23985179.989948	-0.009693
23985179.999917	-0.012675
23985180.009944	-0.014676
23985180.026946	-0.012668
23985180.031165	-0.013320
23985180.039919	-0.013288
23985180.049966	-0.008938
23985180.059958	-0.005623
23985180.069875	-0.012985
23985180.079923	-0.013870
23985180.089842	-0.011444
23985180.099915	-0.012373
23985180.109922	-0.011638
23985180.119951	-0.012810
23985180.129949	-0.008619
23985180.139948	-0.013086
23985180.149918	-0.014910
23985180.159954	-0.014017
23985180.169927	-0.013184
23985180.179920	-0.013495
23985180.189894	-0.013554
23985180.199919	-0.012767
23985180.209928	-0.007596
23985180.219923	-0.013044
23985180.229920	-0.013657
23985180.239919	-0.005039
23985180.249946	-0.013007
23985180.259923	-0.013054
23985180.269922	-0.012117
23985180.279922	-0.013359
23985180.289926	-0.008909
23985180.299918	-0.012941
23985180.309940	-0.000974
23985180.319932	-0.010326
23985180.329917	-0.013013
23985180.339926	-0.013776
23985180.349930	-0.013462
23985180.359944	-0.013481
23985180.369912	0.000150
23985180.379930	-0.009118
23985180.389956	-0.003696
23985180.399852	-0.006616
23985180.409928	-0.002501
23985180.419944	-0.012374
23985180.429918	-0.012870
23985180.439966	-0.013489
23985180.449972	-0.007984
23985180.459960	-0.013426
23985180.469916	-0.004995
23985180.479919	-0.013045
23985180.489920	-0.013600
23985180.499915	-0.014075
23985180.509940	-0.008427
23985180.519923	-0.012993
23985180.529918	-0.007853
23985180.539925	0.006565
23985180.549950	-0.002076
23985180.559949	-0.011615
23985180.569968	-0.006127
23985180.579961	-0.014574
23985180.589962	-0.013680
23985180.599963	-0.013458
23985180.609934	-0.009261
23985180.619942	-0.013061
23985180.629916	-0.013738
23985180.639923	-0.014310
23985180.649926	-0.012969
23985180.659921	-0.011725
23985180.669919	-0.012915
23985180.679919	-0.010106
23985180.689949	-0.008378
23985180.699904	-0.009607
23985180.709925	-0.012406
23985180.719921	-0.007816
23985180.729922	-0.013303
23985180.739928	-0.013029
23985180.749969	-0.012976
23985180.759916	-0.014558
23985180.769906	0.001462
23985180.779957	-0.008169
23985180.789924	-0.011103
23985180.799917	-0.013204
23985180.809927	-0.014384
23985180.819992	-0.012710
23985180.829849	-0.013207
23985180.839834	0.001912
23985180.849923	-0.007963
23985180.859921	-0.012991
23985180.869923	-0.004689
23985180.879920	-0.007001
23985180.889919	-0.012996
23985180.899917	-0.010949
23985180.909924	0.000110
23985180.919970	-0.009799
23985180.929848	0.000217
23985180.939952	-0.000542
23985180.949934	-0.010360
23985180.959916	-0.003164
23985180.969945	-0.005924
23985180.979923	-0.013047
23985180.989917	-0.012617
23985180.999941	-0.013026
23985181.009943	-0.007839
23985181.019941	-0.012961
23985181.029977	-0.007628
23985181.039950	-0.003344
23985181.049938	0.009275
23985181.059917	-0.000537
23985181.069924	-0.008024
23985181.079918	-0.014345
23985181.089919	-0.007576
23985181.099924	-0.006527
23985181.109932	-0.010716
23985181.119934	-0.011183
23985181.129918	-0.008867
23985181.139927	-0.008697
23985181.149925	-0.013517
23985181.159926	-0.014635
23985181.169947	0.000354
23985181.179947	-0.009424
23985181.189923	-0.013430
23985181.199921	-0.013357
23985181.209868	-0.011549
23985181.219940	-0.013392
23985181.229925	-0.013307
23985181.239923	0.003024
23985181.249946	-0.006875
23985181.259916	-0.006089
23985181.269921	-0.002236
23985181.279930	-0.010571
23985181.289918	-0.012379
23985181.299912	-0.011321
23985181.309848	-0.012016
23985181.319919	-0.012903
23985181.329925	-0.001749
23985181.339919	-0.001488
23985181.349926	-0.011218
23985181.359915	-0.012698
23985181.369920	-0.013300
23985181.379921	-0.012793
23985181.389918	-0.011866
23985181.399824	0.001547
23985181.409920	-0.008420
23985181.419917	-0.013003
23985181.429990	-0.014593
23985181.439919	-0.004307
23985181.449919	-0.013511
23985181.459915	-0.012815
23985181.469931	-0.003000
23985181.479956	-0.012686
23985181.490094	0.000741
23985181.499926	-0.002869
23985181.509967	-0.012281
23985181.519916	-0.007768
23985181.529786	-0.005690
23985181.539960	-0.014373
23985181.549954	-0.012776
23985181.559903	0.001078
23985181.569935	-0.007286
23985181.579961	-0.004838
23985181.589973	-0.012911
23985181.599948	-0.012635
23985181.609939	-0.013080
23985181.619916	-0.013797
23985181.629944	-0.004693
23985181.639960	-0.013015
23985181.649918	-0.002301
23985181.659916	-0.003370
23985181.669827	-0.011915
23985181.679924	-0.012340
23985181.689920	-0.004422
23985181.699922	-0.007485
23985181.709957	-0.007091
23985181.719934	0.002415
23985181.729828	-0.005707
23985181.739852	-0.008012
23985181.749930	-0.013778
23985181.759948	-0.004373
23985181.769920	-0.011977
23985181.779924	-0.014087
23985181.789917	-0.009467
23985181.799950	-0.013682
23985181.809932	-0.009299
23985181.819921	-0.013312
23985181.829945	-0.012280
23985181.839945	-0.013332
23985181.849925	-0.012966
23985181.859917	-0.008336
23985181.869943	-0.011697
23985181.879915	-0.013779
23985181.889930	-0.005700
23985181.899969	-0.014203
23985181.909947	-0.011363
23985181.919917	-0.013880
23985181.929952	-0.011914
23985181.939951	-0.005260
23985181.949951	-0.002475
23985181.959920	-0.011536
23985181.969936	0.041379
23985181.979924	0.032131
23985181.990005	0.025189
23985181.999933	0.015410
23985182.009946	0.005505
23985182.019924	0.038506
23985182.029914	0.029858
23985182.039978	0.019951
23985182.049915	0.010797
23985182.059919	0.002361
23985182.070062	-0.005297
23985182.079824	-0.008358
23985182.089970	-0.013930
23985182.099958	-0.013163
23985182.109995	-0.012803
23985182.119980	-0.014789
23985182.129925	-0.006837
23985182.139982	-0.013251
23985182.149991	-0.005009
23985182.159819	-0.013889
23985182.169983	-0.005074
23985182.180025	-0.004081
23985182.190014	-0.008129
23985182.199895	-0.013580
23985182.209921	-0.006790
23985182.219916	-0.003686
23985182.229928	-0.013068
23985182.239943	-0.013144
23985182.249917	-0.004989
23985182.259915	-0.008774
23985182.269943	-0.008096
23985182.279949	-0.013391
23985182.289917	-0.002704
23985182.299920	-0.006497
23985182.309916	-0.012447
23985182.319888	-0.013257
23985182.329926	-0.013011
23985182.339926	-0.013823
23985182.349892	-0.008531
23985182.359942	-0.013474
23985182.369835	-0.009925
23985182.379916	-0.006714
23985182.389930	-0.012484
23985182.399942	-0.011866
23985182.409935	-0.004281
23985182.419960	-0.006432
23985182.429929	-0.013136
23985182.439922	-0.010980
23985182.449914	0.033353
23985182.459922	0.023517
23985182.469953	0.013586
23985182.479917	0.004368
23985182.489958	-0.004578
23985182.499921	-0.014325
23985182.509915	-0.013848
23985182.519921	0.001936
23985182.529945	-0.007926
23985182.539941	-0.013679
23985182.549897	0.001240
23985182.559992	-0.008693
23985182.569930	-0.012101
23985182.579915	-0.013003
23985182.589919	-0.011775
23985182.599949	-0.013255
23985182.609916	-0.007881
23985182.619919	-0.006259
23985182.629922	-0.013685
23985182.639914	-0.003700
23985182.649927	-0.008841
23985182.659958	-0.013971
23985182.669972	-0.013493
23985182.680027	-0.014450
23985182.689937	-0.009073
23985182.699943	-0.005796
23985182.709918	-0.012970
23985182.719930	-0.011174
23985182.729929	-0.012268
23985182.739943	-0.013001
23985182.749943	-0.013068
23985182.759855	-0.013173
23985182.769948	-0.008212
23985182.779916	-0.004877
23985182.789949	-0.012909
23985182.799923	-0.012189
23985182.809918	-0.013082
23985182.819958	-0.012955
23985182.829933	-0.013376
23985182.839921	-0.014012
23985182.849922	-0.007965
23985182.859933	-0.013341
23985182.869920	-0.013396
23985182.879915	-0.013107
23985182.889941	-0.013164
23985182.899950	-0.013023
23985182.909915	-0.012458
23985182.919955	-0.014235
23985182.929922	-0.000652
23985182.939920	-0.009390
23985182.949946	-0.012549
23985182.959922	-0.005431
23985182.969918	-0.008566
23985182.979926	-0.007005
23985182.989961	-0.011670
23985182.999922	-0.012232
23985183.009918	-0.005225
23985183.019923	-0.012556
23985183.030033	-0.011969
23985183.039919	-0.012968
23985183.049947	-0.011688
23985183.059951	-0.013114
23985183.069930	-0.013777
23985183.079924	0.001201
23985183.089947	-0.007615
23985183.099924	-0.004439
23985183.109946	-0.005919
23985183.119926	-0.014496
23985183.129980	-0.013011
23985183.139845	-0.012487
23985183.149946	-0.012887
23985183.159925	-0.013021
23985183.169941	-0.008607
23985183.179928	-0.007579
23985183.189953	-0.013152
23985183.199919	-0.005816
23985183.209927	-0.013153
23985183.219951	-0.013850
23985183.229933	-0.013055
23985183.239949	-0.012522
23985183.249864	-0.009332
23985183.259946	-0.013009
23985183.269957	-0.012399
23985183.279917	-0.013045
23985183.289947	-0.013074
23985183.299917	-0.012847
23985183.309949	-0.005753
23985183.319933	-0.014284
23985183.329949	-0.008272
23985183.339918	-0.013908
23985183.349944	-0.012467
23985183.359964	-0.007309
23985183.369929	-0.011600
23985183.379927	0.002736
23985183.389957	-0.007109
23985183.399913	-0.011218
23985183.409921	-0.002317
23985183.419952	-0.008176
23985183.429974	-0.013275
23985183.439936	0.001155
23985183.449925	0.002560
23985183.459921	-0.007271
23985183.469915	-0.012761
23985183.479964	0.001506
23985183.489972	-0.007269
23985183.499920	-0.013697
23985183.509948	-0.012259
23985183.519923	-0.003081
23985183.529927	-0.012876
23985183.539934	-0.004531
23985183.549942	-0.003000
23985183.559949	0.000635
23985183.569942	-0.001742
23985183.579920	-0.010958
23985183.589962	-0.014040
23985183.599924	-0.003791
23985183.609921	-0.007854
23985183.619966	-0.001019
23985183.629916	-0.009437
23985183.639920	0.001998
23985183.649948	-0.006624
23985183.659922	-0.011217
23985183.669918	-0.009713
23985183.679961	-0.008437
23985183.689925	-0.012158
23985183.699920	-0.014276
23985183.709921	-0.005985
23985183.719920	-0.011482
23985183.729920	-0.001042
23985183.739921	-0.002743
23985183.749920	-0.012332
23985183.759951	-0.013829
23985183.769913	-0.005168
23985183.779938	-0.013101
23985183.789959	-0.008777
23985183.799914	0.002460
23985183.809968	-0.007214
23985183.819946	-0.012498
23985183.829920	-0.006607
23985183.839953	-0.002247
23985183.849942	-0.005717
23985183.859919	-0.014527
23985183.869917	-0.003175
23985183.879949	-0.013074
23985183.889940	-0.008685
23985183.899919	-0.006359
23985183.909945	-0.011106
23985183.919932	0.001492
23985183.929948	-0.006938
23985183.939946	0.020696
23985183.949944	0.010886
23985183.959918	0.002510
23985183.969946	0.001547
23985183.979951	-0.008334
23985183.989924	-0.003699
23985183.999873	-0.009404
23985184.009963	-0.005914
23985184.019956	-0.008736
23985184.029915	-0.010922
23985184.039946	0.001145
23985184.049954	-0.008722
23985184.059915	-0.011625
23985184.069926	-0.011437
23985184.079932	-0.009242
23985184.089959	-0.011522
23985184.099819	0.001300
23985184.109923	-0.008556
23985184.119938	0.002917
23985184.129900	-0.006201
23985184.139958	-0.004612
23985184.149917	-0.014219
23985184.159918	-0.012260
23985184.169955	0.005734
23985184.179922	-0.002173
23985184.189942	-0.012070
23985184.199913	0.001951
23985184.209958	-0.002729
23985184.219961	-0.012552
23985184.229827	-0.002264
23985184.239959	0.000149
23985184.249929	-0.008161
23985184.259952	-0.010212
23985184.269925	0.000014
23985184.279948	0.000865
23985184.289919	-0.008266
23985184.299913	-0.013334
23985184.309945	-0.011194
23985184.319935	-0.011439
23985184.329915	-0.003527
23985184.339989	-0.012989
23985184.349981	-0.012386
23985184.359927	0.008396
23985184.369926	-0.000581
23985184.379959	-0.010481
23985184.389917	-0.012508
23985184.399944	-0.008893
23985184.409954	-0.013136
23985184.419954	-0.014079
23985184.430042	0.000288
23985184.439970	0.001877
23985184.449940	-0.007723
23985184.459974	-0.006264
23985184.469927	-0.013014
23985184.479949	-0.013123
23985184.489923	-0.013875
23985184.499986	-0.008189
23985184.509941	-0.010885
23985184.519917	-0.011926
23985184.529917	0.007185
23985184.539950	-0.002754
23985184.549923	-0.003488
23985184.559916	-0.001326
23985184.569918	-0.006207
23985184.579929	-0.008554
23985184.589919	-0.012415
23985184.599964	0.001767
23985184.609952	-0.008055
23985184.619938	-0.012794
23985184.629936	-0.013681
23985184.639965	-0.002519
23985184.649991	-0.012299
23985184.659977	-0.013001
23985184.669927	-0.012624
23985184.679945	0.000616
23985184.689989	0.001607
23985184.699938	-0.007214
23985184.709972	-0.012522
23985184.719923	-0.014754
23985184.729934	-0.010269
23985184.739975	-0.009183
23985184.749983	-0.012149
23985184.759925	0.011394
23985184.769973	0.001462
23985184.779975	-0.008428
23985184.790034	-0.004350
23985184.799936	-0.013790
23985184.809969	-0.008607
23985184.819918	-0.013517
23985184.829957	-0.012675
23985184.839939	-0.009389
23985184.849967	-0.008751
23985184.859913	0.000013
23985184.869956	-0.009881
23985184.879958	-0.013287
23985184.889917	-0.008820
23985184.899953	-0.011745
23985184.909962	-0.011550
23985184.919916	-0.013135
23985184.929929	-0.005492
23985184.939975	-0.013228
23985184.949930	-0.012232
23985184.959927	-0.011148
23985184.969951	-0.013162
23985184.979929	-0.013357
23985184.989917	-0.013082
23985184.999944	-0.013473
23985185.009963	-0.006829
23985185.019915	-0.011334
23985185.029960	-0.012874
23985185.039924	-0.011844
23985185.049916	-0.013053
23985185.059941	-0.009805
23985185.069930	-0.012757
23985185.079926	0.001166
23985185.089919	0.008300
23985185.099936	-0.001150
23985185.109926	-0.010996
23985185.119919	-0.013978
23985185.129921	-0.009977
23985185.139952	-0.013271
23985185.149921	-0.013588
23985185.159920	-0.013061
23985185.169940	0.000632
23985185.179944	-0.009170
23985185.189965	-0.002776
23985185.199947	-0.012584
23985185.209964	-0.005649
23985185.219916	-0.007142
23985185.229920	-0.012930
23985185.239952	-0.013088
23985185.249954	-0.001424
23985185.259947	-0.007990
23985185.269931	-0.010380
23985185.279939	-0.008242
23985185.289923	-0.010013
23985185.299949	-0.014004
23985185.309922	-0.011790
23985185.319914	-0.013029
23985185.329945	-0.008319
23985185.340049	-0.011442
23985185.349941	-0.001073
23985185.359953	-0.009178
23985185.369963	-0.012846
23985185.379920	-0.011285
23985185.389944	-0.007485
23985185.399928	-0.012367
23985185.409947	-0.007942
23985185.419909	-0.014205
23985185.429873	-0.013558
23985185.439921	-0.012496
23985185.449915	-0.009238
23985185.459947	-0.005392
23985185.469919	-0.011362
23985185.479918	0.001315
23985185.489991	-0.008000
23985185.499941	-0.011880
23985185.509991	-0.004882
23985185.519917	-0.004867
23985185.529930	-0.013348
23985185.539952	-0.013080
23985185.549949	-0.013656
23985185.559949	0.001189
23985185.569921	-0.008200
23985185.579916	-0.007276
23985185.589925	-0.011071
23985185.599921	-0.002945
23985185.609965	-0.009395
23985185.619942	-0.013420
23985185.629921	-0.011156
23985185.639956	-0.011301
23985185.649917	0.000079
23985185.659858	-0.007565
23985185.669951	-0.012125
23985185.679941	-0.011843
23985185.689961	-0.007916
23985185.699946	-0.012570
23985185.709913	-0.011458
23985185.719922	0.001100
23985185.729957	-0.003710
23985185.739958	-0.013578
23985185.749914	-0.013066
23985185.759960	-0.013053
23985185.769921	-0.013660
23985185.779921	-0.012647
23985185.789937	-0.012072
23985185.799848	-0.012312
23985185.809914	0.001919
23985185.819920	-0.000322
23985185.829948	-0.010213
23985185.839953	-0.011007
23985185.849922	-0.011932
23985185.859924	-0.011797
23985185.869945	-0.012292
23985185.879923	-0.013047
23985185.889948	-0.000152
23985185.899922	-0.009904
23985185.909916	-0.012809
23985185.919941	-0.013059
23985185.929948	-0.012336
23985185.939916	-0.011473
23985185.949919	-0.012820
23985185.959838	-0.012903
23985185.969952	0.002220
23985185.979968	-0.006915
23985185.989951	-0.008214
23985185.999963	-0.013077
23985186.009964	-0.013960
23985186.019964	-0.012525
23985186.029966	-0.011858
23985186.039918	-0.012913
23985186.049956	-0.007905
23985186.059944	-0.013381
23985186.069976	-0.013140
23985186.079952	-0.012082
23985186.089942	-0.013192
23985186.099990	-0.013145
23985186.109977	-0.011269
23985186.119930	-0.011264
23985186.129957	-0.009429
23985186.139920	-0.012961
23985186.149957	-0.010523
23985186.159951	-0.013482
23985186.169938	-0.012532
23985186.179924	-0.005497
23985186.189949	-0.012862
23985186.199953	0.001693
23985186.209916	-0.006858
23985186.219945	-0.013754
23985186.229945	-0.012165
23985186.239950	-0.014264
23985186.249949	-0.004625
23985186.259959	-0.005731
23985186.269914	-0.011620
23985186.279916	-0.013287
23985186.289918	-0.008926
23985186.299959	-0.013904
23985186.309982	-0.013040
23985186.319921	-0.012136
23985186.329920	-0.009389
23985186.339916	-0.013761
23985186.349921	-0.013574
23985186.359925	-0.014980
23985186.369914	0.034656
23985186.379922	0.025999
23985186.389929	0.016118
23985186.399942	0.006706
23985186.409911	0.000432
23985186.419968	-0.009494
23985186.429922	-0.013972
23985186.439919	0.011164
23985186.449925	0.003316
23985186.459952	-0.006618
23985186.469913	-0.007069
23985186.479925	-0.008660
23985186.489950	-0.012999
23985186.499948	-0.012521
23985186.509980	-0.009074
23985186.519958	-0.013279
23985186.529930	-0.009037
23985186.539812	-0.007944
23985186.549948	-0.013042
23985186.559952	-0.013472
23985186.569854	-0.013584
23985186.579961	-0.011636
23985186.589925	-0.011818
23985186.599918	0.001883
23985186.609923	0.001625
23985186.619947	-0.008311
23985186.629928	-0.013801
23985186.639921	-0.012931
23985186.649928	-0.013698
23985186.659956	-0.013165
23985186.669845	-0.011977
23985186.680115	0.000438
23985186.689965	-0.008931
23985186.699867	-0.012977
23985186.709917	-0.011305
23985186.719921	-0.013021
23985186.729926	-0.012884
23985186.739879	-0.006057
23985186.749927	-0.012155
23985186.759919	0.003165
23985186.769895	0.000575
23985186.779920	-0.007538
23985186.789952	-0.012235
23985186.799917	-0.013148
23985186.809960	-0.009655
23985186.819953	-0.013193
23985186.829954	-0.012769
23985186.839964	0.001758
23985186.849946	-0.008094
23985186.859952	-0.012496
23985186.869934	-0.005546
23985186.879861	-0.013206
23985186.889946	-0.004610
23985186.899822	-0.007910
23985186.909940	-0.012142
23985186.919927	-0.012154
23985186.929925	-0.008883
23985186.939916	-0.015184
23985186.949880	-0.012915
23985186.959959	-0.005232
23985186.970044	-0.008860
23985186.979946	-0.012967
23985186.989950	-0.003659
23985186.999849	-0.009341
23985187.009924	0.001582
23985187.019948	-0.008147
23985187.029918	-0.013009
23985187.039937	-0.003263
23985187.049946	-0.012083
23985187.059961	-0.013942
23985187.069907	-0.009290
23985187.079947	-0.013106
23985187.089950	-0.008977
23985187.099844	-0.003257
23985187.109932	-0.007140
23985187.119951	-0.013141
23985187.129919	-0.006404
23985187.139954	-0.005336
23985187.149863	-0.013046
23985187.159922	-0.013531
23985187.169902	-0.006779
23985187.179926	-0.013678
23985187.189921	-0.012954
23985187.199892	-0.004640
23985187.209962	-0.013178
23985187.219929	-0.012872
23985187.229915	-0.007795
23985187.239947	-0.012747
23985187.249939	-0.001048
23985187.260209	-0.010907
23985187.269958	-0.009444
23985187.279964	-0.011796
23985187.289970	-0.004931
23985187.299916	-0.013206
23985187.309964	-0.013052
23985187.319960	-0.010977
23985187.329916	-0.006451
23985187.339920	-0.006163
23985187.349920	-0.008261
23985187.359924	-0.004591
23985187.369946	-0.012967
23985187.379946	-0.011302
23985187.389953	-0.012204
23985187.399926	-0.013907
23985187.409945	-0.008472
23985187.419946	-0.013118
23985187.429915	-0.005164
23985187.439921	-0.014172
23985187.449842	-0.001554
23985187.459922	-0.010220
23985187.469960	-0.011374
23985187.479923	-0.013554
23985187.489913	-0.009178
23985187.499923	-0.006969
23985187.509921	-0.011700
23985187.519985	-0.012849
23985187.529917	-0.002445
23985187.539960	-0.003152
23985187.549819	-0.011363
23985187.559918	-0.014604
23985187.569944	-0.008579
23985187.579962	-0.004004
23985187.589915	-0.007433
23985187.599932	-0.005671
23985187.609919	-0.004704
23985187.619949	-0.005172
23985187.629916	-0.004511
23985187.639961	-0.012708
23985187.649920	-0.007395
23985187.659919	-0.012048
23985187.669922	-0.002028
23985187.679927	-0.011483
23985187.689857	-0.003532
23985187.699919	-0.006335
23985187.709920	-0.010828
23985187.719921	-0.013193
23985187.729917	0.001476
23985187.739943	-0.005093
23985187.749923	-0.013090
23985187.759943	-0.003504
23985187.769920	-0.004237
23985187.779934	-0.001417
23985187.789922	-0.004612
23985187.799926	-0.012893
23985187.809951	-0.008401
23985187.819922	-0.011988
23985187.829931	-0.003849
23985187.839827	-0.013532
23985187.849953	-0.012725
23985187.859919	-0.013193
23985187.869923	-0.013039
23985187.879923	-0.011344
23985187.889931	-0.008125
23985187.899950	-0.013079
23985187.909920	-0.013357
23985187.919917	-0.005063
23985187.929921	-0.007633
23985187.939925	-0.004421
23985187.949936	-0.011692
23985187.959910	-0.011238
23985187.969950	-0.002576
23985187.979925	-0.012382
23985187.989922	-0.011962
23985187.999948	-0.013258
23985188.009954	-0.012852
23985188.019913	-0.011528
23985188.029931	-0.011373
23985188.039953	0.001208
23985188.049923	-0.007590
23985188.059926	-0.010825
23985188.069925	-0.012963
23985188.079943	-0.012346
23985188.089880	-0.008692
23985188.099962	-0.011875
23985188.109944	-0.012749
23985188.119921	0.001892
23985188.129933	-0.007806
23985188.139950	-0.014144
23985188.149942	-0.013561
23985188.159944	-0.008642
23985188.169937	-0.011616
23985188.179985	-0.013439
23985188.189848	-0.012577
23985188.199952	-0.011991
23985188.209956	0.000228
23985188.219820	-0.007606
23985188.229937	-0.012423
23985188.239948	-0.012048
23985188.250231	-0.011455
23985188.259961	-0.004234
23985188.269944	0.011898
23985188.279946	0.002198
23985188.290020	0.004352
23985188.299988	-0.005281
23985188.309951	-0.004988
23985188.319992	-0.011119
23985188.329932	-0.012640
23985188.339942	-0.004745
23985188.349914	-0.006282
23985188.359936	-0.014527
23985188.369969	-0.009563
23985188.379961	-0.011658
23985188.389922	-0.014381
23985188.399958	-0.013304
23985188.409946	-0.012337
23985188.419856	-0.004936
23985188.429945	-0.013426
23985188.439923	-0.013744
23985188.449915	-0.007551
23985188.459920	-0.013140
23985188.469957	-0.013022
23985188.479946	-0.005142
